10
1000
1573 3502 -5638 1
5012 6565 7598 1
1314 2372 -4537 1
164 -3756 -8406 4
2519 -7896 -2707 4
-7503 878 1084 2
9045 -918 -7849 4
4496 3390 -3887 1
-5138 2997 6401 2
-8463 1363 8135 2
-5273 912 -4652 2
1726 -1975 9096 4
5811 1179 8672 1
5100 8751 -7250 1
3473 -7735 -4232 4
-2376 -1619 5048 3
-1864 5635 2017 2
3603 -5101 -5777 4
8921 4184 -7789 1
-5339 3574 -3848 2
-4959 789 -524 2
-9874 -3959 -4892 3
7919 -7432 -3837 4
-7899 5838 2689 2
6626 429 -7410 1
-246 6123 1190 2
3486 -6807 -5427 4
-7189 6829 -531 2
6250 -8213 -7633 4
4578 216 3948 1
-5768 -8100 -3456 3
6198 541 953 1
-2083 9074 -201 2
-5495 -9104 948 3
-6562 -3151 3794 3
4814 -5461 -475 4
-5937 -5738 -6050 3
9127 -156 781 4
-8969 -7916 2471 3
1075 4311 -5035 1
6511 -8515 5043 4
9738 1157 -5942 1
-4193 -9382 1016 3
-9083 -6602 8733 3
-3575 -1586 7359 3
4059 -2559 279 4
-4898 9193 -9135 2
-1041 -4588 -5726 3
-5571 -8654 1598 3
7386 -5960 4906 4
8513 5309 1013 1
-2657 879 993 2
-6997 -6267 -7539 3
3093 1977 -883 1
5157 -3280 -2582 4
3017 -2761 -9386 4
-9226 7158 8914 2
-7931 -6353 -133 3
-5039 -7398 -9624 3
3959 -8525 -2549 4
3557 -3766 -3807 4
-8649 -9641 2624 3
-1169 -4950 -5671 3
7258 4398 -3525 1
-1413 -5898 -8892 3
-6010 2000 -1551 2
-5171 -5325 8446 3
9103 -8927 4750 4
8279 4343 1555 1
7747 -6322 1761 4
-29 -1050 -7976 3
-9095 -4338 4533 3
-9019 -8950 5114 3
-5092 6699 -6047 2
5846 1748 -764 1
2966 -8925 -7927 4
1366 -4497 7836 4
9805 4426 2427 1
-9761 4694 -3307 2
-8194 -5256 -8032 3
-5630 -6047 -6406 3
5793 -9351 2704 4
4397 8108 -9733 1
4322 8984 -5224 1
-3916 6327 4800 2
-8588 -541 -3372 3
3172 9810 -2496 1
9822 -7006 7114 4
-8358 -3666 -3945 3
-618 1697 -6888 2
-8231 8424 9724 2
2059 1817 -9506 1
6459 -7618 -1677 4
2166 4899 9249 1
9283 -7342 5367 4
-4489 -4072 2878 3
-6467 -7061 3786 3
1728 2773 5439 1
-3375 2865 -2896 2
3519 -4432 -395 4
1599 6737 -8003 1
-5862 1377 -4817 2
-873 -3598 -1070 3
7136 735 -2279 1
5491 8557 -8426 1
6331 9377 -4269 1
-6049 -241 -8282 3
-5755 3530 -6093 2
2200 -6987 -5206 4
9024 3354 -9720 1
-7817 1410 21 2
-521 -182 4570 3
-6009 8120 3379 2
396 -6232 -5770 4
5185 -6200 7182 4
-3604 7015 4089 2
-8598 5456 5967 2
-8634 5028 -7208 2
8999 5568 9247 1
1818 8952 -213 1
-5195 7524 5811 2
7192 -9064 2643 4
229 -4871 -9618 4
1247 -3995 -9634 4
-2565 -8526 3730 3
5850 -7270 1177 4
-6413 9952 4691 2
430 8741 9931 1
-2321 -3466 8819 3
-2018 -4027 1000 3
1972 -1766 7807 4
8359 -7653 4434 4
1408 1168 -9623 1
-8728 5391 2245 2
1819 -5457 -4111 4
334 -3817 6320 4
2163 6402 -9318 1
-3639 2205 -3441 2
-9371 8952 -1167 2
8549 7970 -7504 1
-97 2630 5468 2
-4147 5805 -6516 2
3503 -621 2965 4
7499 -3874 4243 4
4061 -9634 -496 4
-7656 4451 -6135 2
6341 -5090 -8712 4
-3530 2793 8263 2
1043 4672 705 1
5785 -6173 -5217 4
-1263 2254 608 2
-7741 2762 -798 2
-8929 -2228 -4329 3
1024 -5161 3682 4
-2742 778 5695 2
4992 457 -6907 1
4052 58 -7522 1
986 5998 -5353 1
-4572 270 -944 2
-3641 9707 3056 2
5884 -4189 -4762 4
-9392 -1524 -8943 3
3451 -8491 3839 4
4656 -506 4979 4
2300 -6704 6466 4
5884 -5654 6026 4
-2906 9290 1352 2
6767 -5125 -2072 4
5946 1344 -1426 1
-3546 -7292 -7825 3
-4328 2925 -8276 2
-6663 -1129 2557 3
-9937 5178 -5743 2
5813 6020 -7518 1
-406 482 -4658 2
-6154 513 -1292 2
5821 -6561 3079 4
-1430 3710 6563 2
-3653 476 -5540 2
-894 5641 5539 2
-2602 -4986 -2522 3
1 5034 2823 1
-546 -6667 8033 3
-6358 -4239 5859 3
-6603 -4051 4536 3
8737 -3809 -5488 4
-6230 5327 4373 2
3481 -8994 -2294 4
-3605 -1264 9622 3
35 -9928 1592 4
-118 6676 1938 2
7546 -466 1052 4
708 -4129 -748 4
-1231 -4375 1937 3
-2226 5718 9870 2
-8100 683 2406 2
-3080 -7896 -32 3
-6664 5835 6556 2
8364 519 5089 1
-7911 -5427 -5497 3
8252 -362 9991 4
3257 -4465 -341 4
-1425 -1639 8456 3
6660 8990 -2777 1
4844 -7342 -54 4
901 -3881 -8544 4
-7719 -2119 8281 3
6073 1344 5633 1
1926 9716 -7661 1
-1109 6918 3774 2
1137 4419 -1739 1
-7828 -9947 188 3
-4193 -9609 -2478 3
-8784 8586 -360 2
-4636 9724 9754 2
-3382 1565 -9688 2
4601 4474 -437 1
2673 9478 -3303 1
9416 9652 1893 1
-9007 -794 4730 3
1206 -6293 4246 4
-833 4083 2171 2
-4330 1589 -8386 2
-5044 7442 4141 2
5811 -2436 6021 4
-8052 -1636 -3785 3
3372 -1527 -9358 4
-3133 2117 -8832 2
-737 6784 -1304 2
-9133 8109 4600 2
-3113 4622 -1707 2
1626 3260 4061 1
5186 -6173 5183 4
5892 -4200 2125 4
-4618 -3014 -4809 3
-4222 -1652 3727 3
-7672 -2747 4129 3
-460 -5206 6272 3
3303 2253 4901 1
2714 3098 278 1
-2396 2034 -1319 2
-859 1588 -269 2
4414 3501 430 1
9230 -3572 7947 4
8592 -4921 -1312 4
-1095 -5473 -7513 3
9399 -8666 3296 4
-7230 -4084 2470 3
-8200 -2143 7807 3
-7598 7242 -242 2
2242 3163 4373 1
-3252 -9398 6271 3
4986 13 -1079 1
-5808 -3066 -967 3
7264 -8783 6794 4
-2650 -6146 -8743 3
-8028 -8571 8181 3
9632 7578 -4556 1
3684 7384 463 1
-2118 -4009 -9952 3
-8977 2261 -7180 2
-7958 -1342 -7232 3
3952 8025 -5157 1
-9760 430 5332 2
4596 6741 -9397 1
-881 5114 -4244 2
-778 8953 -7060 2
-2565 -944 -5278 3
-8451 1250 -57 2
6649 -1818 -4877 4
-640 -1775 -4321 3
8644 -659 901 4
-6723 -3009 -4692 3
-3004 -4585 -9734 3
3419 -9238 2404 4
-2544 3427 -9846 2
3113 -2877 -7790 4
-5917 7241 -4145 2
-7725 6497 4740 2
-6254 4224 -7871 2
-3623 7483 9292 2
-1554 -6851 1082 3
2330 -3903 8196 4
8361 1653 -2159 1
-9290 -9516 -497 3
8810 -9772 -8491 4
-422 9290 -3411 2
-4426 7599 2800 2
-7003 -1785 2002 3
8887 -2932 1235 4
8149 3882 -8708 1
-6028 -9004 -3529 3
9838 2158 -8923 1
-4578 -4395 2399 3
-7639 2700 1816 2
5111 6366 3122 1
992 -7849 3890 4
1731 1508 -7077 1
-2754 -3843 -1892 3
-929 9526 6038 2
-8487 5360 8232 2
40 4151 7658 1
6183 -6466 -6129 4
5630 -8834 8010 4
9981 -9180 -1799 4
5823 -9498 -2091 4
9327 4234 -4830 1
5394 530 -7354 1
308 -4378 3050 4
-4637 -6150 -6717 3
-445 4347 5855 2
9165 8704 -5018 1
1815 7416 -4278 1
-5487 8668 7846 2
-1205 777 -3640 2
-1668 -6096 6260 3
5286 9497 350 1
2774 1140 -6110 1
5464 -4869 3529 4
-4176 411 -9265 2
-496 -687 5872 3
-7181 9662 -3135 2
3849 1761 -3064 1
-4145 1259 -9113 2
-5487 6349 3496 2
-3395 3941 -7848 2
-6505 -1960 6433 3
7323 4525 8218 1
6569 5291 -7638 1
-8903 -1081 5365 3
-8444 1009 -8375 2
6193 -9789 -7944 4
-8133 -8254 -704 3
5653 2749 -2990 1
-5364 8779 5463 2
-9159 -4726 -3321 3
-4472 2369 -7648 2
6003 -5070 2694 4
-2944 -9014 8486 3
-7551 -8522 -5411 3
-8601 -4081 -9264 3
-115 2740 2588 2
9979 -3535 -5919 4
-6152 8738 6395 2
-3180 -107 5272 3
-5868 6490 -8794 2
1237 6435 -7989 1
8710 -7724 5339 4
-3575 2348 -6774 2
1638 -4532 -4531 4
560 -8988 -864 4
-3802 -5042 6961 3
-19 -9319 4917 3
-8504 8332 4849 2
4963 7818 -1911 1
-383 6309 -720 2
-2086 -4312 -7854 3
4947 5464 2681 1
4523 -3121 -687 4
2750 4356 3152 1
632 3155 -120 1
-2493 4200 -510 2
4248 3208 9097 1
2321 8755 5781 1
-9523 -6228 -1668 3
-1653 -3574 5486 3
-5644 4024 6176 2
3306 -5353 -2889 4
-562 -9837 4360 3
4142 3889 -1097 1
-485 5519 1630 2
6704 1160 2943 1
-8554 9057 -1245 2
-763 586 -8062 2
-6890 -2912 7704 3
-2807 6951 2642 2
5094 -4380 -8968 4
1667 316 6474 1
8912 -9576 7615 4
-8639 -9512 -7145 3
-3491 -2925 5666 3
4577 -1956 -5563 4
-3243 3878 1714 2
4135 -6769 1213 4
-8823 -1365 1354 3
9505 851 -2954 1
-1475 1862 5940 2
7348 5657 -2887 1
-201 -4191 1539 3
1411 -8076 -8132 4
3951 9396 5858 1
-2131 4659 4739 2
-2090 -2738 7575 3
-4383 6619 -6360 2
-918 7631 8563 2
-5315 8201 -7879 2
-8515 4125 5626 2
2169 3321 7219 1
-6603 -1307 6935 3
-846 -6283 4023 3
2117 -7460 -9111 4
3142 -5891 2015 4
1970 -2477 8160 4
3836 4405 8123 1
6957 5292 7136 1
-7510 6074 -161 2
6406 198 4002 1
-9283 -1599 2926 3
-414 -8594 -9776 3
-2690 -6817 -685 3
1884 -6734 -5124 4
7140 -7742 -1192 4
-3499 -2646 2573 3
3879 -687 -9842 4
4686 9532 -3660 1
6371 3533 4174 1
-7642 9505 -1613 2
6260 -3663 -1427 4
-1232 -4763 1303 3
9844 7986 -215 1
4594 8388 4941 1
-373 -9372 -6169 3
-1456 -6898 2981 3
-6650 4613 -1941 2
9990 -5181 -6702 4
-5984 -9918 9926 3
-3604 8933 -7657 2
-1039 2413 -4886 2
-6367 -2557 -5557 3
9338 -7572 3370 4
6706 7438 -9313 1
5956 -9650 -8202 4
7683 -732 8545 4
4500 -8128 9546 4
-4898 -7674 -5970 3
1187 -6299 -4748 4
-2538 -713 -7248 3
-5990 7239 -9412 2
-1762 -9527 5171 3
7781 -2978 -465 4
1020 -5477 -7302 4
-4726 -4678 -8773 3
7095 3984 1261 1
-6737 -2641 578 3
3655 -9836 -604 4
-8076 9406 2441 2
4589 6449 3353 1
6658 8120 5192 1
-7080 -9209 6808 3
4980 -3546 -3253 4
4244 -5576 -8519 4
-1672 6662 -8424 2
-6403 -1597 -1891 3
5310 -5230 -8407 4
-7155 819 7299 2
1287 -3936 -3275 4
-5916 -3415 6546 3
172 -8277 -1699 4
3643 -8456 2285 4
-9126 -9494 3538 3
6641 -9152 3650 4
1126 -7479 8455 4
-9600 -6807 883 3
6920 -3254 -733 4
6546 -6939 300 4
286 -1582 -4203 4
-7123 8365 -5790 2
-8015 -3788 -5309 3
-1566 5908 4977 2
8899 -8713 -5605 4
5104 795 3551 1
-9337 3264 -821 2
7992 9031 -8358 1
-1915 -8479 -3186 3
3751 -7827 5616 4
-125 6615 -4910 2
2168 6082 -789 1
62 -8146 -9750 4
3846 866 6055 1
-6142 5174 -40 2
-2072 7185 -6055 2
-2088 1385 9549 2
3181 4274 -6150 1
2580 -7280 -6353 4
-8358 6205 5824 2
-3155 -7485 2971 3
-8186 -5401 6999 3
-7312 -8585 -7149 3
6796 -5864 -2307 4
-3058 -78 9451 3
9284 -5175 -27 4
1642 6937 -6281 1
-8508 -6569 -1250 3
5583 9696 -1536 1
1305 4404 8997 1
-6273 9954 -324 2
7425 3252 5656 1
2474 -926 -6540 4
-8773 -3339 2775 3
-2143 -2363 5389 3
42 -7716 9431 4
452 6562 -6660 1
5405 683 5708 1
8374 8927 -4613 1
7744 9598 -411 1
5610 6881 -2643 1
4422 8395 3037 1
-3182 8800 -9285 2
786 -7740 7698 4
9124 397 -4222 1
-5790 3987 9096 2
5118 -1389 -9922 4
4818 -2108 -686 4
9855 -6886 -67 4
1003 6419 -2614 1
488 -3142 -9226 4
1343 -273 2197 4
-22 9436 1248 2
-4338 4411 -4015 2
-9847 -7686 -4228 3
3228 -5126 -7186 4
-4330 -3912 6017 3
-3261 -6319 -7552 3
-5667 -801 6330 3
2826 5541 -8175 1
-7791 3678 -2985 2
-6895 -5287 -7019 3
-3590 -4996 7854 3
-391 797 -4821 2
-8260 -4784 645 3
-1781 -752 3586 3
4745 -5447 -2016 4
8190 9502 9690 1
8335 -4945 975 4
628 2320 7795 1
8740 2816 -2793 1
-2183 -8466 -4553 3
-3653 -5206 -4923 3
6049 -773 -4384 4
-8559 -2014 9548 3
9530 -8389 -7411 4
6878 -9547 -3772 4
4206 9412 -9078 1
-8778 -6522 3250 3
7590 5375 8782 1
8209 -6761 3103 4
5734 465 -752 1
-4982 3891 -7351 2
8777 -8729 -5424 4
5209 2076 -2566 1
6348 -513 -6013 4
-9729 4184 -6054 2
8362 1860 194 1
-1754 -4030 -6734 3
6518 8553 -6404 1
-122 4308 399 2
-6061 -1927 -7390 3
-5524 -2581 9724 3
5447 -4467 7990 4
5364 -2900 -3597 4
8509 -3977 4555 4
9106 -7908 -4310 4
9683 3438 8284 1
-4267 -828 -1303 3
-4427 2298 -367 2
-4615 3734 -1043 2
-3804 5024 3657 2
-2989 6434 8146 2
3525 -1513 8405 4
-454 -5027 1592 3
-1357 9854 3279 2
-2479 1527 5514 2
-4297 -2891 1526 3
-82 7247 -1520 2
5802 9310 -4842 1
1964 9790 -6844 1
-2510 -2435 -3393 3
-2274 460 -9476 2
7117 -2975 1908 4
-5080 -7835 3256 3
-1708 5902 1097 2
-3949 3547 -4254 2
101 -568 9329 4
7019 -6595 -4164 4
-377 8541 1389 2
-8225 1633 3834 2
886 4146 857 1
-3718 4503 -9798 2
-4596 527 -1206 2
6664 -2904 -8242 4
28 -3526 -7030 4
7927 -6386 8313 4
-6399 3019 -6105 2
8451 -1331 7574 4
3860 9627 -3159 1
-4050 -495 1160 3
-4903 -2980 -6498 3
-9583 35 -6698 2
-5651 4057 9703 2
8737 -9816 6698 4
-8680 -8629 -5755 3
-541 -8258 3594 3
-3156 813 6184 2
2394 8009 -7973 1
-9141 -2284 8145 3
3686 -716 4534 4
6605 -5655 -1105 4
-1477 8061 -7431 2
7787 961 -9519 1
-2343 -2885 195 3
-2986 -7064 -2364 3
-4303 1294 5876 2
8359 1650 -1699 1
-8319 -7856 -5025 3
9283 6452 -9523 1
-3260 -9032 7065 3
-8456 -121 8983 3
1165 9228 9228 1
6481 -6437 -4526 4
7803 9455 -5108 1
2745 -273 -1377 4
8178 6116 -5452 1
1368 -7660 757 4
1108 -9845 4868 4
-4476 2793 -868 2
-5170 1181 5474 2
7685 610 -5288 1
7528 6964 4297 1
7257 -8521 8639 4
-8848 -8543 -6344 3
3055 -4016 -9625 4
4825 -8061 6036 4
-7660 8778 -4684 2
8849 2073 -252 1
-1362 -6827 3914 3
-6648 2270 5897 2
-7544 -3688 -6793 3
6441 3723 8922 1
5162 5271 -5566 1
3862 -5609 -7341 4
-7777 -6021 2083 3
5137 7968 -2005 1
6129 -5296 -71 4
-7458 -967 6071 3
-731 5833 -5701 2
532 -2893 6350 4
2434 -7146 -3276 4
-207 -31 8274 3
6708 9137 -8268 1
1758 5476 7318 1
-9387 9269 -8590 2
-6260 -2813 3506 3
-7113 5021 6920 2
-1699 2178 9185 2
-9158 5285 2096 2
1056 -1444 -9802 4
-3984 -1113 9659 3
-556 6057 3458 2
-3588 -7496 9855 3
-1652 -1447 -4666 3
-260 -9041 -9140 3
1450 -1453 -3156 4
6862 -1921 8801 4
-3695 -5184 -7171 3
705 3649 6291 1
-996 -5523 4636 3
7995 -404 -3027 4
-8635 -7487 9035 3
-738 -7225 2442 3
5595 5522 -2341 1
6138 8536 824 1
8624 -5263 -6255 4
-8311 -3183 2270 3
8218 6026 3321 1
-3954 162 5689 2
-250 6762 2172 2
6447 -9909 563 4
-2330 4878 1825 2
-6937 9239 1442 2
-705 -9963 761 3
2790 5401 -2696 1
-3095 -8468 -6610 3
2886 8501 -753 1
-6487 5925 1486 2
-7130 358 4261 2
-5878 9748 -1753 2
3292 -8023 -6070 4
7242 1201 -1076 1
1540 8863 3952 1
-2449 4124 669 2
-6672 6340 -3932 2
9471 -1573 -2943 4
-7696 9749 6855 2
1518 -393 -5135 4
-2336 2525 -8307 2
-890 -8075 -4637 3
1831 6789 -6095 1
-7106 9354 7017 2
-5726 -4566 2725 3
9837 -2562 4077 4
3718 488 -8261 1
8887 -1082 9150 4
-5192 -3865 3726 3
-7322 6795 -9061 2
5289 -1536 -1638 4
4749 -3271 9809 4
-3143 -8926 8711 3
8451 -3104 -2324 4
9689 -2900 -9636 4
-7529 4898 -4804 2
-1612 -1241 -992 3
-434 -1313 7985 3
-1183 -9609 2849 3
-8704 -4493 264 3
4114 5207 91 1
1104 -5934 -6031 4
6789 1119 -3747 1
8757 -3560 -1697 4
7120 5095 6859 1
3257 -9823 5106 4
-3950 -5264 -4986 3
7653 7442 7493 1
9142 7465 8603 1
8190 -6394 -8961 4
-8308 -90 -404 3
-8482 -16 -9946 3
1128 1553 -6899 1
-2249 7789 8407 2
-5515 1337 2948 2
-1835 -950 -7327 3
-9439 6053 7739 2
-8287 -7590 511 3
4406 3026 1725 1
-6131 -7705 -6516 3
2483 -8281 -7817 4
6261 -9917 -3534 4
912 -9465 -1756 4
-6955 -1863 5453 3
7968 566 2495 1
-8921 5332 -8416 2
-5585 -8809 -4474 3
7485 4269 6523 1
1131 3502 -1575 1
-9936 -1091 -8026 3
3820 2033 9555 1
-1855 -4122 5639 3
8467 -4584 -7569 4
1818 -7745 5908 4
7331 2019 5031 1
-3363 425 -1818 2
-3219 -8070 -4371 3
3351 -3737 -5250 4
3858 -8297 8785 4
8379 1801 7587 1
5957 -1526 -7831 4
1034 -5396 -6035 4
1140 2508 4246 1
8333 1037 4661 1
550 -69 -5012 4
6853 6511 -7962 1
-1906 -6387 -5881 3
-5096 -507 7168 3
4112 -2978 -7198 4
7806 -2695 886 4
-8362 -3357 -6317 3
1329 8692 -7457 1
6758 -4087 -4307 4
1208 5235 -2567 1
-5554 -5013 -4418 3
-178 2199 -3658 2
-6201 5347 -6533 2
7592 6212 -8799 1
2369 -719 8436 4
-5653 7246 -3923 2
-4694 4891 8766 2
9979 5800 5153 1
3877 -564 -7505 4
6755 8364 -6208 1
2609 172 2403 1
-6107 -6909 -4678 3
4615 -1709 -6544 4
-5829 -867 -118 3
-9931 3900 5621 2
9911 -3595 55 4
-7017 -8437 -4190 3
-3727 4733 -4153 2
6001 -6439 -1608 4
9123 4889 2608 1
2390 -4215 -1038 4
326 -7872 5043 4
-2751 5147 -3449 2
2250 -8662 8053 4
-1412 -8347 -9228 3
-505 -1910 -47 3
-2689 3287 7244 2
-7828 3955 -5973 2
1947 -6105 -5891 4
-5919 135 7834 2
-8854 -7482 -9887 3
-9165 -7361 -5478 3
-8797 694 1403 2
-5293 -490 -7203 3
5290 4506 -4816 1
-5719 8317 -2732 2
-3066 -275 -7606 3
-9416 -5317 -8078 3
-6216 2045 -3194 2
6388 4598 -4767 1
9157 -7582 -8866 4
-8567 4304 -5420 2
5001 -4705 4637 4
934 -9854 4975 4
-8560 6576 -5580 2
-3672 -5893 4380 3
7012 4020 9621 1
-5943 2847 3593 2
-6482 7735 -7680 2
110 9933 1080 1
2120 1214 -4110 1
-8823 -6175 851 3
273 6369 5016 1
-5779 3182 4107 2
9525 8934 8930 1
-3658 -325 4762 3
-4118 5805 359 2
-800 8816 5179 2
6097 -5754 -3116 4
2278 -6702 -1059 4
-5528 2805 854 2
-9213 1455 1408 2
-6262 -5752 -258 3
-3741 -5880 1121 3
1665 -5450 6449 4
-5563 6647 -1928 2
9402 -1863 7688 4
-5724 -5212 -5736 3
-6272 -2107 9217 3
-341 -4948 -8008 3
4477 -8095 8924 4
1785 -2469 6954 4
-928 -1211 -9316 3
7696 436 9287 1
2664 1326 527 1
6634 -8946 3478 4
6932 4774 -5995 1
3 9246 -7652 1
7092 -3101 -2130 4
3850 -9525 -5780 4
-6541 140 -9784 2
9438 5372 -433 1
1393 -1772 -8757 4
173 -4146 -6214 4
-2248 8176 4974 2
7032 -161 -3729 4
-5160 -7568 -3029 3
9478 -9541 8603 4
8809 -8297 2807 4
-4014 4432 9027 2
-9829 5664 9806 2
-2568 -7234 -271 3
-6534 -9539 7183 3
-8340 -4565 1136 3
-2242 6621 4685 2
6898 -393 -9026 4
-1856 7018 332 2
9937 523 2879 1
3160 -9411 8526 4
-2840 -1038 6189 3
-3707 5299 7791 2
-9435 -8971 811 3
-998 -3073 -4419 3
8202 6907 1532 1
-6428 -3014 -3761 3
865 1006 -6229 1
4024 6343 6781 1
4070 -2857 -1910 4
7467 -3684 -3230 4
-9607 -6976 -6267 3
1012 6287 -5340 1
-1472 -3068 2606 3
-1827 5260 -5041 2
-6595 8521 8559 2
5796 -1813 1944 4
-108 -6690 -5611 3
3900 9236 -5053 1
-9949 8732 2646 2
9409 -3327 -1442 4
3109 5465 8116 1
-8633 1919 4655 2
2896 5530 -2829 1
-1199 6142 -1923 2
-1696 -819 -660 3
1561 9296 5361 1
-2244 -6387 -3260 3
5387 6733 -8475 1
9225 4667 -6422 1
9476 -6138 4448 4
-8302 659 -3364 2
7394 -4193 594 4
9177 -8604 9119 4
1820 8478 1229 1
-1817 584 -9655 2
5139 7098 -8142 1
5395 -3723 1687 4
493 5985 7446 1
-7024 -1557 4708 3
6523 5718 -5010 1
-4770 -7425 9838 3
-3720 -9541 9452 3
5986 8395 9995 1
-9719 5842 3800 2
3286 1656 -7882 1
9768 6060 2147 1
3611 -5674 -4702 4
-1402 7531 219 2
-1073 6300 -7184 2
-7715 8953 -3963 2
-9499 -4179 -6810 3
-9567 7369 -6601 2
-9461 8551 -7809 2
-8782 8433 -1475 2
1366 -6942 2563 4
-6921 -9023 7119 3
-6772 -5007 -8206 3
-9018 384 9626 2
7667 -3844 581 4
-3763 6985 6999 2
-6863 7527 -8758 2
3632 -695 994 4
-1129 -8444 4426 3
6746 2538 2568 1
5494 -549 2157 4
283 -4954 -2058 4
4894 -9508 3604 4
-684 2512 -6391 2
1611 -7193 -4533 4
-7313 1132 -8734 2
-180 3642 -9558 2
-1630 6717 815 2
9233 -176 1854 4
-6919 9031 -9042 2
6880 -2089 -7458 4
-1902 -3998 6193 3
-3311 -5749 326 3
-2828 -3357 -5422 3
2197 -3067 -3131 4
-7180 9630 -6101 2
1265 -8332 -6748 4
-1451 -5235 6544 3
-9369 3690 8406 2
-2372 6591 4897 2
678 9289 -8113 1
-7672 -7486 -5026 3
-6608 -1864 3912 3
1298 4209 -8815 1
7818 5637 4723 1
-7366 5858 7990 2
-1785 -9941 -9276 3
-4888 1231 -6629 2
-1444 8503 144 2
-7188 -3963 485 3
-5360 -6730 -8322 3
8432 6144 -3152 1
-4810 -3658 5479 3
9284 -7318 8946 4
3746 -7271 2854 4
-2857 2348 8267 2
4170 1479 5670 1
-659 7599 3755 2
-779 -9382 -9893 3
6911 -3073 7681 4
6760 -3293 3853 4
7710 -1171 1175 4
9360 -8757 9924 4
4774 -7939 -6667 4
3368 -6057 -1346 4
-6293 -3415 -5821 3
-5368 239 -2080 2
0 7026 -4275 1
-6705 -1601 -2206 3
9327 -4864 -2618 4
278 -1393 192 4
-1527 -1522 2498 3
1266 1793 2277 1
5537 -5129 8020 4
-4150 6052 9202 2
7675 3573 2089 1
-3132 -9734 5333 3
695 -444 -2956 4
8756 1723 -9956 1
2918 8183 3093 1
-5598 8920 -6693 2
2062 2751 -1517 1
3555 -3660 -3751 4
7462 5633 -7847 1
840 3041 -7275 1
-5676 -5025 -8460 3
-8975 9519 2204 2
5822 5732 -7499 1
4335 5461 8112 1
1000
3730 1209 7385
-481 -7353 -8319
-2551 -4634 -3963
-7657 8446 -6809
8029 4815 8657
9480 1504 6986
-6684 4224 1897
-2731 -8614 -7084
-5979 -9143 8680
-4406 6109 -4068
-4029 6781 -2177
-3043 -6590 -3640
4651 594 6160
-6748 3940 923
-8294 -6396 -6091
8247 -6677 3700
-9738 -9555 1649
2867 -8817 -9625
-3709 -8541 -6444
1605 -4720 2415
-6013 6076 -9146
2473 8598 -1133
-4957 -1697 -5288
-3476 -7253 5425
-2529 -3716 3989
-6915 6141 -3554
-7830 -990 5087
-2279 8403 -6224
-9147 -5843 -8433
4357 5083 -917
9431 2457 -2361
-4589 -94 1977
3948 -9598 -2369
2928 7328 4264
-2156 5698 -3311
3024 1544 4471
-6051 -2143 -1955
1090 9845 -6340
-2439 4158 -5780
-2936 5167 6223
1509 -5836 -7163
4607 2075 -8135
-8781 3852 9537
-9699 -2298 7298
1936 -5323 -763
-2096 9628 6143
-2868 6707 -8241
-3270 4759 -8273
-3973 -4040 -4033
-1786 1901 -1345
2584 9139 -7226
8687 -4441 -2647
-2945 -8612 7026
4137 -1725 -344
5786 -3965 2816
-2588 4846 -2000
-3600 -4705 -6727
6367 -4705 5810
-3936 5751 -5899
-2616 -8001 -8987
9140 -3399 8451
4727 -983 -9693
8679 -1290 5437
2895 5564 -8407
1945 3269 8926
-1611 3222 5361
-198 -2658 -6800
6987 -7338 -6577
1183 -24 1751
4638 -7321 3753
-2105 -1614 4682
-971 4163 2678
262 -8567 6079
-3745 -5889 7942
-7324 -1975 -4934
-2693 3682 -2837
-3251 -5630 -8426
-4046 -7235 -6685
1362 -5938 4582
-7059 9742 4022
-2614 8352 -2253
-4126 -5840 -4917
9031 -8052 6180
-3401 6605 -6968
-719 -6953 -4934
-8570 7872 1424
-5356 281 6421
4671 5516 -6303
5950 3341 -3365
-87 -3637 2229
-3069 -2418 -1760
-867 3864 6857
7206 5286 -8964
4587 -9524 5429
-7657 1230 -5321
-8372 -7496 4785
3933 4030 9869
1213 -734 8391
9361 -3469 6433
-1918 7740 -5726
-9448 7710 3829
5113 4658 1835
-4217 1445 8161
-2992 6092 355
-3040 -1873 -1132
1651 -2070 -8118
7718 -5994 -464
6541 -5257 3208
3587 9688 -8408
8536 -4712 1159
-96 9416 5932
5216 1456 9251
4895 192 1224
-8221 1267 -4734
1523 -2577 6235
9436 5617 -5218
-295 -5004 -8220
-8650 -3353 1690
4989 -8414 -9017
-4984 -1607 -6021
4869 7908 -957
3546 2122 -1294
-558 597 -5667
5843 9586 -5880
2408 -1718 -3963
-8688 -4715 -764
8855 7299 -1600
-66 -4028 4138
-5979 -7117 -6917
7677 6345 -2842
9619 -1169 277
-5138 4145 4299
-6866 7117 3668
8183 1741 -9310
3542 -882 6200
-7239 -3232 6837
189 2218 5000
-10 -3838 -61
-9796 -8404 -7460
2301 817 -1134
-2106 -1309 -6740
412 9723 4355
-1766 -2898 105
-9509 -30 -8336
1139 5965 -5950
910 9843 9208
3297 8083 609
5978 -9793 -4413
5089 6660 -8730
-9979 5242 6958
3207 7278 6958
7499 6230 7136
2409 476 5650
-9590 3618 1196
9405 -166 9229
-1381 6111 -6188
1892 3965 7039
2384 -7759 6604
-2526 -1075 -2240
-2181 9081 -4239
-523 1950 6340
6461 -7029 5908
7108 1613 8415
2750 8243 -7096
4933 9316 9308
-9167 2733 1719
9960 3225 -6346
3996 -2205 821
-3347 -7595 726
5607 6659 -4659
9046 9419 -6316
2018 7303 -4724
2862 7517 1271
-6002 -7470 -2858
1569 2921 -9931
-5243 8883 -6210
9894 -8044 924
8551 1966 7977
-1928 -2995 -2428
-7671 -9139 -5039
-5946 -2598 2832
5245 -773 -5736
2145 4281 4307
3095 -9186 1108
-3417 1509 -6900
1677 -6445 9340
-78 7142 -4097
-9800 3586 -4162
-7881 -6416 -2291
2853 -8239 5875
-6497 -4050 -6157
6641 4617 -6586
192 595 -1641
9333 -6493 7170
7966 -1799 -400
2002 -3753 4716
-6593 -8106 1322
-6967 8978 5067
8705 -8457 -1651
280 6527 4318
3388 7428 6213
-846 8637 972
-9761 4375 9953
9614 1158 8750
485 3102 4997
522 -5157 3241
-6312 8393 -5841
4270 7752 410
-98 8879 -7290
4176 3219 8833
-4591 7867 -7782
-3916 -9769 -7937
5003 5378 -4758
-534 7561 1081
-4189 -1741 3464
-6789 7021 576
4317 -4653 5112
5293 9227 1278
-4495 7600 -1332
4294 -9724 -1094
-7232 8166 9801
-4574 -6364 6614
-8891 -1715 -5256
-9877 -8980 -633
-8716 -9492 -8785
7193 3440 5526
4610 -187 -3553
-4647 7129 -7179
-4237 2244 -6248
1021 -6950 8418
4865 -6392 8278
-1776 5268 -8395
4873 279 -5651
-6446 -3658 -6955
2382 -725 -9384
4301 1887 -3808
2454 -7127 219
3773 2081 -3743
1379 6907 8863
-1998 7815 -7050
-7129 9336 8751
6600 -4315 -8413
-1258 7111 4621
-6201 8180 8768
-8387 7894 -5600
3841 -4752 -3121
1760 -5003 6722
2381 -6671 8737
663 -7271 -5696
8446 9523 2848
9214 -9334 -3441
560 -1941 -8885
-7275 -7948 -7182
-8052 -3519 6510
9418 6083 3890
4056 8247 1280
-5147 -7664 -5851
-3225 -720 -6030
5253 6020 -5934
-5970 4046 683
5260 -558 -8117
7825 437 3467
-5586 -4092 -3315
-5938 1657 -8924
7368 -3500 -2450
4712 5820 5267
8767 7679 2923
1236 -9472 160
765 -300 -3604
-9782 -9033 -8555
-8647 638 -2154
5558 8729 2739
5275 6597 -1187
9565 -9855 -9019
10 1957 -2403
5075 -6494 9560
-5624 1890 -4885
9482 -1992 5013
-2410 -2573 6323
-1677 -5845 -1036
3867 4959 1867
7666 -418 -8187
9369 4157 -7786
-176 -7261 -4233
4352 -1176 -8224
-8569 5290 5844
-7211 6505 868
-4724 -6633 -4026
-140 6913 834
623 -2077 7225
2872 4443 -1507
5112 8279 -2074
-7457 -9961 -7647
-8629 3742 2079
-721 6980 4327
5917 -9831 7097
-9511 -8950 1642
5155 5986 -5722
5760 -7988 -8417
-3830 -1528 5018
-3080 -1256 661
-4571 -2188 -3140
-6350 4176 6082
900 8652 -3041
-1095 -1414 -7388
9185 -4346 9850
9325 2951 2895
2693 -5753 2466
-3949 -1787 -8753
2172 -9248 -8978
-6493 4405 2619
3798 -5379 -2547
-9061 -2251 5099
-6131 -3634 6006
-511 -7146 4018
-3302 5194 7489
-6341 5875 2451
-6018 -4756 -5307
1729 6134 -1857
-2550 -7710 -328
-6556 2650 -8435
1239 8936 -8375
5722 8328 -1040
-6978 4770 5016
-4045 -1812 2197
9854 6010 -9054
7472 3934 6583
2505 -9520 -3856
5101 -6369 -542
-2568 6353 -5866
-6061 4216 7098
1468 7545 4725
-3416 6108 8026
9608 1772 6467
-8226 -6707 7784
6729 -830 -7499
-3615 5959 439
8074 -1855 4083
-4759 -2100 6955
-6198 -2156 5557
-5754 1946 5922
6217 -5316 -3921
-6967 9627 5475
7710 5491 7578
-3615 1361 1316
-1650 -5320 9554
-2435 -3235 1449
9462 5008 -4497
216 8624 -6669
92 2859 7714
-3304 8934 1056
-1207 9853 5745
-184 -1406 -1252
-9786 -3518 -7742
5488 758 7763
-7267 -8481 4699
3463 759 -4995
657 755 -6588
-1484 -7118 8563
-7316 9174 -8158
7306 -3470 -9090
2757 8084 4026
970 -2837 -2908
-9941 4692 -14
9439 7871 3094
8278 5538 4871
-5280 -9179 4839
-4228 -2624 9526
3589 -3355 6062
-8820 -5671 -200
-3599 -6386 5330
636 4673 -1443
-5173 -8538 -7162
-4858 3967 1214
558 -6413 4927
4098 6824 6636
-1444 -3765 -2800
-9807 9836 7139
-6041 -5840 4130
2991 -9814 6623
-9146 -6319 -3831
-2807 4851 2965
5459 -9736 5091
-6769 6116 -2375
2055 -4919 6991
-8883 -853 -7096
2769 9196 7588
8165 9793 2915
5697 9023 2049
3966 721 -9560
-9246 5626 757
-744 4960 -1339
8081 4877 -2388
-5101 7307 5406
8430 -5905 7392
8577 4514 3406
6823 -7309 -1841
-1754 2660 -37
-3229 -9942 1447
-9154 3404 -6012
6964 -2891 -334
1199 5024 -9755
800 -3448 7946
-7826 -9252 8673
-4717 -7868 -8523
3236 1900 7536
397 6889 -246
1018 615 -7101
-9595 4166 260
5166 -3677 -2415
5570 -1609 -5628
-2695 -7202 -9710
148 -9143 4179
-8524 4109 -1272
3415 -7422 7462
-1841 1456 -3132
-9649 1044 6442
-6205 -6010 -3864
5466 1886 9201
2429 6678 8683
4753 -6386 -5548
9794 -6909 -4546
7470 7831 3409
-8409 6098 -6463
4039 -6502 3346
-5740 -8370 -1813
-9666 8928 -2452
-336 1161 -7225
5059 9827 1491
-5680 -6126 2251
-1571 -1799 -507
8961 -7767 3670
5644 -8972 -6357
3515 7033 7057
3122 -7011 5175
3753 386 9937
7277 3611 966
9234 -6026 3150
1210 -7804 3854
-6357 8730 2981
2819 2700 504
-9822 4897 6136
557 -6842 -4746
6659 968 -5382
-5416 2503 -9428
-8100 9595 -3701
2935 -2077 -7700
5719 5926 3424
-5680 -3755 9973
6361 -576 -5696
4592 -4586 2651
-1544 -5572 9014
-2356 6623 8938
-476 -446 -5652
-3261 -6649 -4636
9458 3344 -9311
-8961 -6018 9623
396 649 -4233
8061 -6723 -9422
8543 4779 -840
9087 2373 7218
-1522 -6274 -4586
-2365 -70 2165
7829 5239 -3496
-9848 3637 6860
-4335 2763 -5679
755 3716 -3154
-5251 6734 -7621
6840 -5135 -5126
-6680 1310 8679
-3349 4599 -5985
3731 6168 -4371
-5754 -9359 -4821
2632 -8776 4846
8665 1058 -7815
915 -1053 4098
4726 -4832 -9204
5140 -5663 -4460
-4575 -3231 8486
2721 3495 -898
3990 -3113 -4703
-9328 8370 -9652
-6196 -4346 -9217
-5908 5362 -8164
8105 -1434 6485
7634 -7772 -9295
-4437 -6327 -8348
5160 6848 7926
5978 -6627 5408
9540 1332 3558
-3520 -1471 9870
-6192 5287 -9425
7908 9983 -9043
8233 2141 5248
9208 9431 -983
7186 7584 -2034
5146 -6517 8001
6033 5835 -1451
-1368 -3377 -4346
-7676 7785 720
8226 -4480 8927
-5293 4770 427
6939 -2049 -1904
9824 8812 191
1240 -9029 5121
-2790 800 -6256
-2598 2422 4388
-1337 -1263 -630
663 6658 -5748
-1350 5654 -5071
4342 8943 -3494
3713 2129 3076
-7564 6786 4787
3139 1598 9876
-2415 4970 1557
7926 -8446 -9127
-4302 -3265 157
-6777 46 8615
5191 8683 8164
-4102 -8038 2703
-7149 5165 6165
-2281 1418 -9518
-8448 8136 7048
7437 1150 2557
-7875 7527 -3497
8687 8309 8324
-2549 -5785 -3986
8885 1323 2804
-7910 -6362 5978
-5064 -2627 -2389
1167 4494 -2776
4282 -5847 2838
-2175 -3735 -9889
-3979 8446 -5422
6804 2175 -4806
3066 9106 -3270
2187 -4811 8130
7569 -9994 -3979
2994 -2359 -996
7240 5707 9526
2130 9406 -8399
-572 9826 4407
-5334 -1542 7782
-8137 8953 -305
3628 8306 4018
-2114 8036 5024
-3177 2931 4900
3471 7110 -5344
-9292 966 4381
-2804 7644 -8398
-5800 -4302 -3189
1351 -8307 -7401
-1002 -7246 8517
115 5971 -712
81 3466 -1848
-5722 491 -2763
1358 -3082 -2688
-4989 -9674 -5133
-3623 -1822 5698
3497 5567 9655
-5023 -6852 -9806
2329 -8913 2918
3013 -1886 3115
1380 -8780 9452
-6599 -389 4433
6470 -9370 4489
5538 -7473 -8496
-9680 -7537 -5932
-2899 6104 -8386
5799 -2092 -1796
-3435 7497 2853
-1891 8784 4863
-774 -611 4334
3805 -8067 -2919
4860 -4133 -5777
-748 -8990 -4785
7469 9626 -2343
7885 1742 384
9465 2803 -8239
1019 -869 -1515
3565 724 -5939
252 5794 -4736
-9290 -4753 7185
-2010 3917 3855
1204 -3212 -7332
-6086 3531 -8405
-8948 -4438 -1380
1006 -5558 2725
557 -7445 -271
-6032 7592 -4838
9035 -6903 -1249
9997 7207 -6068
2239 5709 1569
-7028 -167 -8915
-8774 -1269 5596
-6315 6025 -2123
8564 -1917 -8798
-1555 7381 -784
1638 -5422 -9740
1173 5499 5478
-1138 4724 4163
-839 5143 8303
8040 -1741 -8250
3587 -1445 -4377
2750 3087 -8026
9691 6832 -2058
-9885 6750 1496
3253 7630 -6182
8933 -8846 -924
-5081 -4657 1984
-6662 4599 4313
3727 3460 7486
-286 4001 -5582
7134 1852 9884
-7511 3881 -2170
6611 -3842 9415
-2755 -3966 5626
8006 4433 157
-7312 7872 5407
2628 -6866 9377
-4523 -2237 -575
-1940 -7374 -8171
290 -8249 6567
-942 -4054 5531
-4511 9617 -615
-7842 -5663 5091
-6013 8484 -121
-5366 8499 -1944
8373 9155 -6732
7747 -9190 -6838
1744 -8595 588
2962 8784 -950
-5522 3092 7517
-780 -2256 4298
32 4891 8219
8966 -9838 -1012
-8573 9680 -8090
-1890 -3962 -5108
-3230 -1847 1676
2884 9234 2042
3576 9437 -1184
-8011 -7203 -3044
-5936 -7185 -8099
6196 -7502 -4875
9263 -53 -5464
-6788 6427 -5382
5111 -5909 133
-3045 -5133 2235
6319 -630 -1679
1560 -9294 2411
-9925 480 -9986
-3817 7110 2596
8712 8711 1593
-1365 -7540 -9452
8846 7769 950
-3447 -5408 6377
4731 5673 7143
-7589 9186 8006
-2185 -6464 -478
-9092 -5189 9483
296 -9836 3135
6886 -3390 -3437
5937 -9900 -1370
706 1165 9734
7698 -7521 -3088
-2649 -9545 8399
-3759 1791 -1861
-2654 -8492 4321
3859 -9435 8303
-7036 6206 -6812
4165 4581 1849
-8259 -7306 -1263
-3482 -7555 6248
-2771 3531 -4603
9856 -8984 -7274
9065 -8735 -8660
8112 -9396 -4296
4936 -3719 9307
6202 -5695 6790
293 -6955 3682
-5875 -2527 5422
-488 -1917 3089
-6236 -9222 8596
-9466 -9583 8298
8654 -2001 -1341
5989 -4266 1309
-1497 -9793 6775
-8967 9079 -2364
-8419 -6434 -1087
-1750 5497 1715
3533 2483 -8892
-6478 4816 3014
-3263 4623 -894
925 -8562 -6979
-1187 -2831 -9154
120 -6271 -6393
-6959 -9692 8275
1480 5972 -4692
6452 3439 9443
-4301 -3919 -4624
349 6667 8955
7532 6548 8536
1707 9737 -2128
-8601 4382 7075
5696 8744 5632
5255 -4877 5254
9265 -9727 8889
-4556 1028 7364
-7484 6121 -5252
4700 -3878 -1829
-5407 6367 7093
6129 -7618 2388
5657 -3730 -8300
-7007 -4429 -6583
5703 1469 1550
6543 -8152 3625
1040 7147 -7927
1309 4211 -5630
7547 -2990 6331
3819 -5673 2618
-4627 1031 6755
-6130 5997 -3935
5599 2347 -1437
-1490 -2156 1763
-2644 6376 -8477
-9388 -5855 -2967
319 -5172 -7033
1286 5030 8930
5568 8977 7915
3747 8940 5371
6127 3479 6929
-8644 -1222 -4483
5999 -6242 4315
-6498 -9162 -2922
-7214 -9465 8986
8900 -2120 2923
-1574 -9949 -9833
6259 4188 -1525
-5360 -264 -3269
3484 3295 8363
3378 4440 -2500
-9683 4551 6846
-151 -4816 9471
7085 -6622 -1389
909 7638 3100
2643 -4257 625
-4704 -4895 -4489
-4256 -8450 -2400
-4183 -8030 -5082
8546 -8060 -632
-6573 -4662 3899
9151 4640 -6247
-7488 -3939 1247
506 6671 7889
5520 6579 -8573
-3168 6224 -4291
-9372 9885 -4966
-6217 -935 -774
-6971 8245 3519
-1873 4955 -8761
525 -7123 -2918
6676 -2170 5511
-8380 3153 -2355
9219 6787 -2548
-2518 9866 -3348
9465 -1673 4155
-8869 1280 -288
8411 -2953 3802
-5188 -9201 7262
1930 7446 683
4048 -4777 -2500
7272 -4961 6026
-5778 1401 -3381
2071 9339 1638
-267 7360 6780
-653 -8221 9747
8546 7772 -3899
8499 -3117 604
-9976 -7527 -1726
3372 9686 -9182
3369 -4936 -7238
1924 -7216 -1979
3258 -5576 2661
8923 -3343 2384
3776 8545 -3398
-1858 -1808 9202
-3582 6639 21
6307 1698 7285
7993 -6173 2346
1036 -781 2708
9163 -6046 -4496
7319 -6189 -3145
5160 -8878 1767
3838 425 9611
4723 7297 -4871
3655 -5124 5888
5310 4909 2417
7223 6348 -7859
-3316 -2131 5640
2187 -6471 1483
4111 6123 -7253
1416 -3138 9098
9921 -8626 -7552
-7589 4894 -9022
-214 818 -1242
8062 9027 9445
-3338 8418 3874
2083 2633 9980
-4112 5750 812
8929 2793 -1905
5034 -9300 5764
5846 6451 -3892
7316 -2993 3319
8836 -957 901
1809 -6379 -3082
2686 1554 -9345
5962 2347 -6974
-9350 2742 -7220
-2321 3824 -3833
6493 3682 -7369
7492 7770 -814
-4623 -1602 -1654
1988 4543 -2771
5832 -4894 -1788
226 808 -2964
-1055 -5092 5942
4596 -8395 1104
-2342 -1861 -9813
9639 3972 -778
-1578 4523 -3443
1010 -7669 7274
-3450 8060 -1204
6082 -5609 -3600
1775 -7613 -1967
-4299 -4645 4540
-1329 5095 -9469
-1486 8232 2727
9542 -3828 9808
-5198 7812 9843
-586 3239 5548
7524 -6696 3753
1175 7975 -5643
7365 -5730 -2530
-8355 4050 9764
6107 9251 -2201
8846 1234 2677
-4908 -364 7308
-7936 7180 -8441
3169 -2438 -9816
-3724 -656 8111
-5958 8038 -1157
-3348 -5097 -8947
2960 4838 6769
-1505 7932 -2269
8271 5734 2082
6548 -31 -4850
7699 -8677 3102
3098 -9804 3505
2218 9451 -5340
9372 -8145 -2450
2034 -3736 -3490
7502 9646 -6599
-6230 -8012 5086
-3118 3396 -8597
-1147 5233 -9425
-7642 -5514 3354
-8986 -4233 7129
9874 -7745 9824
-2677 6557 3634
6524 -7378 2422
-2257 8196 -9198
-6686 -8984 -3130
-7047 8139 -4135
-6842 -651 -236
-3706 -942 -3891
2809 5286 4268
888 -210 -8854
8520 -7401 -7578
1236 8662 189
6802 -8395 486
-800 -6394 1070
-2336 1415 1077
2371 -4598 -3791
-9001 7089 3510
-3379 -9556 263
-3519 7892 4766
6453 1196 1959
1156 -671 -4076
9478 7885 -4151
2225 9528 5302
-2620 -7580 8001
-159 2503 9146
-2943 5963 3848
223 -6187 6648
351 -927 -4177
9177 -4187 -3053
3958 1635 -2010
2429 -7429 -2033
1853 -2072 6515
9490 4778 2788
-8604 9296 -5106
1799 -9126 -8083
-2292 2525 9958
-423 -7171 -7746
-2471 4767 6835
-2256 2971 9699
-3877 -1296 8877
8710 9581 -7419
7921 2210 -4549
4973 -3793 7590
7105 6259 6940
7168 -7236 -6991
-9876 1828 -4313
-4913 5930 -7043
-5017 9701 6226
2814 -3939 -2547
-6955 1079 -8599
4494 8185 -110
8609 -6199 -1004
4945 6789 -5891
9015 -9673 -9174
8266 970 -7875
3730 7869 -2556
3521 -1390 2587
5828 977 2299
-3771 -8098 -4529
-4929 -5607 1175
-5532 4855 1496
8770 -2271 3013
8009 9166 -2206
6114 8794 -5577
7803 4976 586
-1681 5870 -8061
-3467 5304 7586
1906 -5712 9449
-1109 -1966 7133
6872 907 -5300
2799 2528 2285
-4209 3705 -4657
-4788 5087 -7153
8091 3737 1438
-4496 9493 -3197
-8061 -9745 -3581
-3559 -8984 -2202
9579 -477 942
-1043 1629 -9990
-4970 -2587 7699
5750 -7927 744
6042 -2101 9390
5656 -9949 -2381
3461 2555 -4372
-9809 9475 -6064
0 3987 -4580
-7057 3526 -9174
6831 8453 -2934
-2070 -7709 -8338
4623 409 2050
-3174 -9961 -8382
9569 -5010 -9348
565 72 7365
8096 9068 -4405
2323 2529 8635
-5300 -6250 3955
218 8511 -6290
794 8970 3816
9188 4773 -5948
-8333 -5349 -6336
2335 7870 -5550
8198 -2844 3779
-9015 -8723 -5911
1571 -3563 6044
6955 -902 9664
1896 5759 -5018
9428 -767 -1987
8101 -1056 -9049
-6245 -3138 8475
-2013 3654 -8929
5847 8667 1232
-6580 -6204 -4154
2616 -1408 -5895
-9380 8982 1266
-5773 5476 -30
-1660 -4896 566
-1048 2260 -1126
-8543 9502 354
2359 9762 2104
-5419 7753 8076
7652 2710 -461
6180 -7244 987
-2697 -2314 -1614
845 -4857 -9200
-2448 6268 6063
2028 -1378 -15
5502 6306 1885
6409 4327 264
-550 2012 -4206
-7048 -7667 4014
-8871 7022 -8381
7794 2375 3566
1453 6036 6868
