10
1000
4137 -8655 4293 4
-3306 -8988 -7145 3
9756 6972 -3632 1
-3337 1861 8180 2
-1821 1685 9579 2
7187 -6595 -5549 4
-5058 1003 9954 2
4913 5842 -5431 1
-5622 -9346 3565 3
5042 -4104 -5635 4
-751 3878 -5688 2
-8027 -2750 -5063 3
4416 39 8637 1
-4476 -3653 5624 3
485 -594 -7747 4
-2586 -334 8111 3
-98 -3493 -5217 3
6184 -8907 401 4
-1702 4786 2098 2
8766 -7909 3339 4
5645 -2148 -5276 4
-3193 4586 1560 2
-1318 -8715 6250 3
-2940 -1830 -1315 3
1152 428 -7400 1
1034 -9420 5661 4
3466 -8505 -1147 4
3076 -7772 2471 4
9948 1592 1795 1
-988 -7191 -1805 3
1954 -5477 -2974 4
-3512 -4382 -6574 3
-1442 -3046 -6117 3
4885 8579 -1187 1
-1978 3963 -9151 2
7300 8259 5200 1
3903 -6253 7836 4
4765 7289 7838 1
-1805 8649 -6204 2
-5985 -6608 -3834 3
140 645 -7263 1
-9748 -8589 -176 3
-6138 -9567 -4069 3
9499 6212 2262 1
-7024 8310 9721 2
1321 5235 250 1
2228 -3921 9970 4
-4765 7727 -2637 2
-9339 -1668 -8874 3
8827 7320 -2100 1
-6652 -8580 -5814 3
6236 8006 -8220 1
-7116 -534 7144 3
8033 6520 -5796 1
-9781 -9587 1627 3
8651 7756 9604 1
8258 9717 3330 1
2177 -5265 -6307 4
4506 3019 -6868 1
-5549 -588 639 3
8912 -6520 -4366 4
-3152 -5625 1937 3
6620 -2191 1975 4
-3648 -1338 -100 3
-298 6614 -1732 2
8660 9903 -1440 1
-6455 7375 8030 2
-5854 -6996 5482 3
-7219 6860 661 2
9248 1886 -4637 1
-7368 -4931 -661 3
7312 8545 7729 1
5770 -6 5594 4
4596 8202 -708 1
-1455 6761 -8498 2
1454 -7650 -6639 4
1273 9813 4598 1
9477 -4662 -9026 4
-4978 1599 8221 2
6061 -5191 -8455 4
-5081 -8134 -4040 3
5074 -243 841 4
-2089 -8658 -1528 3
-6940 2225 9465 2
-5805 -2889 -3167 3
-10000 -624 -1808 3
-3377 8953 -9752 2
-1727 217 2446 2
-4130 7659 2148 2
5857 -1433 2406 4
-474 2197 -4344 2
-2212 8252 7120 2
-4007 -4024 5415 3
-5269 -7268 7215 3
-2893 4274 1123 2
7740 -1320 5694 4
-9121 5488 6821 2
-2259 9011 5657 2
4127 -5978 -1958 4
5516 9201 8615 1
4586 3359 271 1
6042 -1027 -1569 4
4884 6010 4301 1
-6425 -9848 -7446 3
4133 -6011 2186 4
-5314 2404 7444 2
-3166 -7582 -9350 3
2096 -7769 -1993 4
7323 9309 2295 1
8452 -407 1075 4
-1769 986 -6114 2
-7772 -3860 2879 3
6144 -9576 8010 4
-8003 4691 -4674 2
-154 6935 3132 2
-313 -4939 2788 3
-2664 -8696 6693 3
1939 4964 8413 1
-2092 -8046 -2156 3
-8866 -7176 2348 3
6341 9658 5827 1
-7206 -1653 -327 3
2756 -2605 3057 4
5210 5505 -4175 1
-5081 524 -7970 2
4515 8633 -5163 1
6850 4398 6385 1
5790 3463 -4263 1
5825 5234 -6279 1
5873 -5351 -327 4
8087 -4313 -6922 4
2408 4176 7926 1
9098 3855 -2134 1
6941 -2641 -8868 4
-8279 -5037 7210 3
9836 793 -4167 1
-7500 -8206 -1614 3
-2916 -1969 -7151 3
-4773 -5707 4479 3
5056 7519 -3101 1
-1390 7502 1731 2
-867 4778 -1602 2
7482 -2056 -5806 4
-5351 8265 -3941 2
5195 7236 5309 1
-7009 5824 -1048 2
8596 9109 9439 1
6876 5137 -5628 1
2344 -3212 -5063 4
-6627 5170 4550 2
8517 582 7354 1
8988 9383 -3443 1
-3093 -1067 7825 3
2103 -5792 -2318 4
-9760 6303 -6553 2
-1609 -528 759 3
840 5881 9214 1
-8233 -9961 2404 3
-4061 -6086 -5627 3
9099 3342 506 1
2072 -3972 -1793 4
5197 2473 -7325 1
-5379 731 -5071 2
9115 -9106 -2500 4
-6423 6500 1201 2
-418 211 5521 2
-1275 -3553 -3186 3
6288 -1403 9286 4
5975 6916 -5886 1
-9017 6925 6037 2
4286 -4775 -2835 4
-7137 3128 -7542 2
3508 3403 -751 1
-1637 6320 9110 2
-5349 1663 -3122 2
9937 -4439 -6154 4
-50 -7161 -5629 3
-7880 -587 6212 3
2964 -9211 3570 4
-5349 -7044 -2773 3
-4586 6855 4842 2
-2883 -6733 5833 3
9564 -8306 2227 4
1283 2459 1013 1
7410 -9303 -143 4
8688 5142 -9874 1
8238 -2417 8394 4
2571 -1020 -5076 4
-3411 7606 -263 2
2007 -8797 1684 4
-1858 -920 -4301 3
971 698 -3273 1
-2937 -5195 3312 3
6 -7134 -7408 4
9996 -5220 7484 4
-5035 -5839 -7715 3
4650 9387 -4646 1
-7525 -2960 4633 3
-551 -6349 569 3
4479 4799 -2195 1
9782 3816 -8928 1
3254 625 1700 1
3165 1627 5390 1
6769 -5756 9465 4
2872 -7773 2085 4
1186 -8531 -7781 4
657 -5467 -1108 4
6478 -7482 6292 4
7830 2034 2283 1
-1683 4000 2356 2
8961 3568 1347 1
-4190 -8080 -1461 3
-6513 8005 -2014 2
3459 4821 -6660 1
9514 -2100 -5993 4
1244 965 4947 1
8117 -5009 -1664 4
-8094 -2483 -9330 3
-8708 970 -592 2
2782 -4551 9619 4
-7745 9472 8949 2
6243 7366 8264 1
6221 -7757 6415 4
8331 9453 -7752 1
-2226 -2573 -3459 3
-4260 1261 -5070 2
-9666 9523 -3634 2
-9530 1347 -6353 2
-4970 6676 -9060 2
-5363 -7654 -6310 3
-2589 2980 -3275 2
-38 4650 893 2
5656 8045 -8369 1
-5043 -1212 4707 3
-4828 8379 4979 2
9400 16 7263 1
6939 7133 -8233 1
2942 9921 -8713 1
152 6586 9007 1
8755 5841 -3851 1
-5952 -6393 -5800 3
-8328 8214 -877 2
-8129 2564 -620 2
-4560 -8723 -3647 3
4746 -4740 -7705 4
-8419 9636 -5954 2
-675 -3734 7789 3
7361 1903 8014 1
-5368 -9013 4700 3
2588 249 -5927 1
-3447 3745 -1339 2
6747 -3765 -4418 4
-9440 4520 3158 2
5381 3441 -5742 1
-9588 9975 -833 2
4249 -2859 -5267 4
9404 4940 -3785 1
-8622 8532 9449 2
1660 -7478 -1798 4
2433 -1489 -2898 4
5641 6887 9344 1
2021 1332 1352 1
-8481 -7148 -872 3
5608 2300 -4675 1
-1131 -4654 -8322 3
-4892 2587 -9448 2
-6692 1898 7051 2
-3199 -2636 -8653 3
-1901 9795 -594 2
8219 -3318 3739 4
2219 -1243 -3635 4
-9847 -6282 3632 3
-9373 -1698 7163 3
-6864 2088 5939 2
-1682 3046 9991 2
-7668 -7552 -8606 3
4178 -4204 -9391 4
-9737 5060 -1052 2
4146 -6407 -4478 4
913 -8574 -3862 4
-520 -1240 4223 3
4745 -7382 4634 4
6202 6876 -1040 1
-2270 123 -2867 2
-20 -9887 -8789 3
-2074 -6270 -1533 3
-4013 4230 -1726 2
-4847 -5369 -9986 3
185 9483 -9284 1
8745 2614 8553 1
9342 -7345 9520 4
8492 3385 7318 1
-3843 -3133 9160 3
-9864 1559 1606 2
-4872 5978 7233 2
4499 -8762 -9483 4
-2163 -8919 9562 3
-6623 2033 -5010 2
-7422 -3263 2700 3
-4613 -6422 -7641 3
7455 7879 554 1
-4416 2469 -8013 2
-6524 -4649 -26 3
-1538 6307 -4328 2
-9633 7319 -126 2
1574 3514 -547 1
-1382 2428 -5418 2
884 3890 3717 1
4132 916 8911 1
2272 2705 6545 1
2883 -7454 6762 4
6287 -6706 2458 4
-5739 -1366 3188 3
-4723 94 -2754 2
3061 5255 -2618 1
-3569 1765 -2228 2
1840 6002 -3903 1
-3822 6768 -344 2
-7986 532 4744 2
8224 -7361 6459 4
-825 -1254 -7113 3
2025 1092 1348 1
-9128 -110 -7423 3
-3583 617 811 2
-5844 -3941 -4657 3
-181 931 -9458 2
-9839 2860 -5534 2
-4978 4866 -9626 2
5874 -9533 7113 4
721 7976 -2646 1
331 7115 5692 1
-6756 -3000 6157 3
7048 5379 -7013 1
4738 -2278 -3885 4
1764 -8111 5094 4
154 3722 3976 1
1451 8764 98 1
4466 4313 2912 1
2736 1171 -9649 1
-8991 3673 2248 2
-8566 9444 -2932 2
420 428 -3404 1
3425 -1801 -4069 4
3306 -5933 -5881 4
840 -5499 -2881 4
-8912 3450 -3942 2
-7178 3691 -5565 2
-7603 -8601 5474 3
1446 3598 6514 1
-1529 7709 3790 2
6228 149 850 1
3332 -8255 -3565 4
-7361 6486 2422 2
-6498 -436 4988 3
-9737 5389 6140 2
1883 -2938 -1162 4
-8230 6706 -5303 2
7420 322 -2017 1
6628 268 7844 1
9517 5941 -6061 1
-3890 -8020 3663 3
7648 -7362 4956 4
90 89 2275 1
7155 8140 1135 1
-7014 5474 -8578 2
-1935 -7608 -1205 3
-3250 1088 4835 2
-5611 834 -9267 2
6249 -7146 2313 4
4835 -2860 5241 4
2615 -4807 7585 4
1248 8861 -3192 1
-5728 6173 5485 2
3459 5095 5753 1
-5389 -8719 -4623 3
7039 3932 4622 1
-9294 -9547 3237 3
-1739 8233 -5696 2
6552 -330 2014 4
-650 5510 -9647 2
-1953 3089 -3578 2
-5248 3504 4350 2
8689 -6582 2295 4
7765 874 -3817 1
58 -5034 120 4
8813 8621 -48 1
399 2376 4449 1
-9737 986 1170 2
3469 -671 -7544 4
-660 -8246 6314 3
9320 -99 -3374 4
8903 -5726 3241 4
-6121 7629 6453 2
5653 6113 7117 1
6027 -8062 519 4
-7753 806 -1501 2
-3838 9492 -1523 2
-8209 -6172 6152 3
1432 -7674 9608 4
-8223 -4894 5506 3
-877 2529 6114 2
-7738 -3910 3671 3
-7166 456 1676 2
4546 -9911 4252 4
-2254 -7090 -4347 3
-3187 -3736 10000 3
-6010 9171 -1178 2
3575 3021 -3166 1
-1340 -9444 8729 3
7355 9506 -8464 1
721 6424 -3894 1
-1199 1084 7353 2
3968 -8048 -2546 4
494 -2727 159 4
-3472 -4624 -1983 3
-4519 -9254 -4360 3
9163 -363 3240 4
6151 -6198 6037 4
-9345 2662 -7568 2
-1051 8090 -5081 2
3627 -9158 6015 4
-5935 -6379 -4447 3
-6763 5541 5727 2
432 5977 -2494 1
-9636 2906 4038 2
6550 -169 7236 4
8108 8770 -6881 1
-419 6330 -9472 2
2798 9427 -9122 1
8411 8731 2646 1
-9961 6426 -1983 2
7315 -8660 -3115 4
1257 8430 1495 1
-6157 -534 7142 3
4689 -5022 9360 4
5889 -9903 1469 4
4025 7683 -4418 1
3774 -4841 5275 4
2605 4693 8103 1
3451 7731 9120 1
9141 9429 9902 1
-3253 -5619 7401 3
-7460 9908 779 2
-4965 -8962 -1359 3
-5935 7894 8023 2
5044 3511 746 1
-9128 -8882 5526 3
8222 -7050 -4140 4
-9840 -7352 -2955 3
7960 1949 -3685 1
3795 -2934 -7040 4
5611 74 2096 1
5342 7396 -8513 1
-3589 5588 -6081 2
1934 511 -1625 1
8941 -8828 6529 4
-3424 3078 -36 2
-3192 -3315 6002 3
-4774 158 -669 2
-3121 -5689 -7298 3
-7589 8137 7390 2
8712 -8631 2567 4
5070 5977 -5573 1
-1426 -9371 -4598 3
-8922 -2495 9312 3
-719 -5323 2933 3
-8796 4928 -455 2
-3919 8649 5771 2
3781 -3039 -9047 4
-9183 -7437 1107 3
-4182 8129 3413 2
-8016 3252 7593 2
-5131 -5931 3689 3
5172 -5441 3975 4
7789 7727 158 1
1608 9354 7054 1
-848 6021 -1880 2
3473 -4584 4155 4
-8081 -8035 8782 3
3913 -4688 9578 4
-5739 -9978 -7254 3
-6952 689 -8841 2
7598 -282 7871 4
-865 -4992 -3605 3
7131 9154 174 1
4032 -6552 1413 4
-1002 -9770 -7583 3
2948 4488 6562 1
-942 8310 -2834 2
-6258 2404 202 2
1118 -1436 -161 4
-2346 -8852 46 3
-3464 -2115 -8025 3
958 2479 9068 1
-2777 -5139 7842 3
8982 -9732 -6812 4
-5789 934 -8705 2
5968 -9370 7708 4
-9992 6583 6065 2
1801 1608 6830 1
675 7451 5576 1
608 5365 -6113 1
3542 3040 9567 1
7647 -2758 -8396 4
-9621 -7762 1616 3
6326 -90 778 4
-1370 9530 2106 2
2732 4454 6431 1
7542 9175 -9536 1
5478 -9973 8231 4
-9481 7036 -6420 2
-6815 9755 -1321 2
-9594 -9063 8028 3
-3174 -1708 -8144 3
2373 3998 2840 1
-5509 -2747 7222 3
-4246 6504 -695 2
-1223 2264 1620 2
260 3852 -7674 1
-9369 -3670 4503 3
-7474 -4904 7402 3
5613 3804 2964 1
479 -3724 372 4
-7657 -7786 4626 3
-6992 293 6970 2
-7520 2912 -6473 2
7079 -5900 875 4
8754 5551 7506 1
-6538 -1766 7481 3
8882 4143 5058 1
3607 -2583 9113 4
5350 -8734 -1402 4
-3811 1833 5565 2
-6116 -8511 5493 3
7899 7808 -4048 1
1514 1116 -790 1
-504 -2715 -5417 3
-9719 -9731 9930 3
5320 -2773 4631 4
-3065 3317 718 2
-9557 -5505 -978 3
-4464 2145 -3243 2
287 205 -7618 1
1118 -9351 3889 4
1725 7777 -8843 1
-685 92 -4406 2
1889 7318 -6089 1
2118 8140 -3261 1
-8968 6440 3787 2
-5947 8730 3143 2
-2375 2512 -6675 2
7470 -159 -4531 4
-7191 -8093 7610 3
8456 -1951 2518 4
-8811 1173 -4379 2
7742 -926 -1771 4
-8926 -886 -1735 3
-9000 -4387 -1916 3
6205 1708 1996 1
-2673 -3834 -1159 3
-1309 -525 6239 3
-5926 -8573 -3689 3
487 -7883 -7869 4
9892 -4420 3294 4
5768 2393 958 1
2548 3852 -8115 1
885 -9123 -500 4
-4556 -2372 2661 3
9577 -3067 4434 4
-1173 -1990 5481 3
4727 -1264 5135 4
-4936 1512 -1107 2
6846 2656 -1799 1
-4605 -6521 -2674 3
-7295 7176 3056 2
-961 -7795 2260 3
-6874 9788 2957 2
-4960 9165 -6086 2
-4529 8597 -1602 2
-5182 8379 8000 2
-7337 8231 8773 2
-9046 -9162 -3383 3
5246 -8338 -3381 4
7441 -2175 3762 4
7504 6790 326 1
-9470 4380 -7226 2
7242 7233 3446 1
9811 -5916 -4705 4
-659 -7440 -5149 3
314 -625 -9798 4
5137 -4466 8361 4
-1857 -4851 -8952 3
-5631 -6611 -2019 3
5655 4239 8576 1
-8526 -1089 -3619 3
-699 -8112 -395 3
2203 5034 2097 1
3970 -4881 9672 4
4775 9394 -4642 1
-5359 -330 8817 3
5132 9921 -6884 1
3040 -241 3425 4
-3921 976 -2261 2
-9320 -8871 -1653 3
4223 7834 -3297 1
-3056 -5754 -1773 3
9150 -7899 9059 4
-6166 -6465 6385 3
-3802 -2654 7851 3
7622 -3025 -5898 4
6559 -8703 3575 4
-2446 -4513 8240 3
9759 -9732 1512 4
7820 -8014 -9253 4
8132 -1670 -8543 4
1747 -9436 -1765 4
-4556 3101 146 2
-8816 874 -4104 2
7094 6032 -3240 1
6987 -855 -887 4
-8428 -7014 -4653 3
-1092 2662 7799 2
-9254 6064 -962 2
-4736 -1732 -4199 3
-9354 7697 8602 2
5242 1671 5331 1
-7452 1313 9575 2
-831 -9875 -6940 3
-6602 8878 8644 2
-5911 -1966 7153 3
-7763 3696 -8883 2
-1613 8067 -2474 2
-1376 -1379 -3724 3
-6851 -5645 9190 3
-4430 5561 7204 2
-3234 -8535 1580 3
-9541 -7088 5351 3
-9633 3537 -9632 2
8764 3000 -7719 1
-7010 4887 -9919 2
-4683 5436 -5005 2
4325 -2120 -8420 4
-4690 3797 -7563 2
-216 6507 409 2
-1571 -5070 -6169 3
7460 -1719 6019 4
-6256 -3792 -71 3
2002 9960 -9915 1
314 6621 -8100 1
1294 8043 5067 1
-8815 -3598 -5212 3
6703 7570 -1739 1
2541 -8629 6104 4
7025 3148 -128 1
-3674 -7361 9805 3
-8914 5462 -4799 2
9952 -7932 -3954 4
-7117 6666 -8479 2
-8191 -2748 -559 3
2009 -6348 -5256 4
-9161 -2940 5305 3
-4033 -3334 9577 3
1303 -4610 4553 4
-3318 1519 2723 2
-9377 4455 6041 2
7653 -1492 3586 4
-9148 -1664 3108 3
2967 442 -9695 1
6720 7441 1450 1
8163 2922 -6330 1
7737 -6183 3409 4
3198 -5140 -6594 4
-7732 3548 -2737 2
-9120 -8482 567 3
2508 -4968 7173 4
9144 -8084 -7867 4
356 -3623 7469 4
-4638 101 -1926 2
5604 2122 9468 1
-8438 9981 -4535 2
4757 1068 1686 1
2148 -2204 858 4
-2185 7754 4995 2
-7911 1983 -5913 2
7665 -5054 4934 4
3824 -8247 -1144 4
7095 5470 9774 1
-5523 9484 -1710 2
5235 -2489 8278 4
833 -254 6513 4
-8440 -213 5366 3
2899 -4661 990 4
-5290 -8045 6921 3
-9850 -7709 -4391 3
6160 -7540 5014 4
9342 917 7959 1
-3783 9052 6926 2
-5153 4788 1318 2
-8540 4799 -6706 2
3135 971 -7153 1
-5766 -1720 -8121 3
-9317 2943 -1578 2
-5698 5044 -4009 2
4885 -386 5711 4
5346 -5880 -5796 4
-9575 -3132 900 3
5904 5211 -8571 1
-2374 4925 -9218 2
8338 -556 9938 4
-4302 2656 3885 2
621 -1334 -69 4
-2894 4160 -9253 2
8849 -5623 8974 4
2001 -4438 8027 4
-5279 2382 3565 2
6218 3257 3204 1
4687 1457 -495 1
8825 8552 4497 1
-2577 -3033 -2493 3
-5591 -6663 9643 3
-2254 763 3028 2
-6938 6887 -1205 2
1571 8333 -9662 1
7970 893 -9754 1
6686 5106 8113 1
6324 6805 -2827 1
-3001 1108 650 2
-1950 -4506 7288 3
1641 6271 1775 1
7784 4322 -2114 1
6867 2115 3933 1
-751 3800 9522 2
-2924 7181 6953 2
-9971 8689 9752 2
2169 2992 -2654 1
-6370 6245 5347 2
3836 3299 -8917 1
-7305 3839 -5786 2
3063 -683 1711 4
-6169 6149 -1500 2
6909 7379 -7716 1
-4690 -6805 4784 3
-4731 8602 -7643 2
1179 -4000 4294 4
-4888 3227 2196 2
-6111 -5115 8784 3
6833 8651 -7375 1
-8633 1407 -2326 2
9616 -3885 1836 4
7590 3748 3961 1
-2629 -3743 52 3
-2831 -8437 2225 3
1609 -9922 3827 4
-7598 -8627 -9345 3
-5687 -8361 -4333 3
-7028 621 2535 2
9683 -5491 1879 4
5816 938 -2773 1
-9762 -8830 -2313 3
-7079 -9315 5357 3
4442 661 5421 1
-4881 -5119 -4553 3
453 5923 -512 1
682 9099 8451 1
-1242 7416 7889 2
-4175 689 -8264 2
-2034 -7372 2240 3
7 7107 -9321 1
1902 5827 -1927 1
-2911 5333 -6602 2
-9242 -896 8309 3
1113 9036 3318 1
495 -2100 -4281 4
-1447 -8973 7257 3
8560 -5894 3161 4
-7078 -6882 -4990 3
335 -590 7299 4
3458 4604 -7293 1
8033 1301 -1885 1
-1797 -8074 1264 3
-4222 9638 -4641 2
860 9680 7514 1
104 -7647 -8532 4
-359 2527 -8168 2
6417 2045 4709 1
8425 -9774 6571 4
-6681 -4946 5465 3
14 7890 6845 1
2245 -276 -5139 4
8055 -755 -6638 4
-9548 -7701 -2764 3
-9041 9028 -1117 2
5559 -1580 -1504 4
-2065 908 -2801 2
-6716 3781 -1760 2
-3895 9101 2163 2
-8091 -2978 -6956 3
1103 -9709 4345 4
-1055 -1408 -3934 3
-8654 5510 -3414 2
-4550 -5982 -390 3
8077 6342 8728 1
-3077 6959 6076 2
-2605 -3201 3286 3
9431 6601 -6242 1
5765 7542 2968 1
686 4954 -5553 1
-8785 4196 -9025 2
8291 4700 -6699 1
-2151 -4353 9643 3
3967 -926 4006 4
-2733 1282 -4713 2
4721 -492 -8681 4
-4388 -5265 -2720 3
5590 -8575 -6136 4
4416 -2809 6297 4
9793 6511 -4298 1
2161 -6345 -6852 4
2822 8565 8047 1
-6641 6922 -6726 2
-9118 7119 8363 2
-8244 8793 -6032 2
-1037 -9893 -4553 3
-6694 -759 6220 3
43 5147 -1788 1
7642 6754 2570 1
-6232 -1051 4952 3
1298 9346 5542 1
-5340 -1608 -1520 3
-7756 -4106 1325 3
5029 8151 -4656 1
-3754 -2987 4039 3
811 1485 -7879 1
9905 5622 7987 1
-8879 -7598 9592 3
-9091 627 8147 2
8026 2742 -4964 1
-4238 7724 -7591 2
762 5453 6540 1
-3738 7105 4249 2
-2378 5586 7974 2
-688 -2431 -7770 3
6409 1718 -7940 1
-1594 5307 846 2
5191 -9942 5994 4
-430 167 -8412 2
2149 974 -2538 1
-8075 -9424 -7308 3
9351 7443 4633 1
-3754 7997 -2605 2
9603 394 9787 1
5597 -4272 3459 4
-2779 -8633 -4523 3
-9136 3570 4734 2
-877 -579 5410 3
-5691 9834 -7314 2
-3394 -3026 -9562 3
-3414 -6641 -4355 3
4033 -9386 3647 4
5219 -6034 9207 4
7585 -7348 -5285 4
-5243 5297 -6682 2
6025 -3629 -5634 4
-9169 3743 -4668 2
5840 4921 -7757 1
9021 5949 -1555 1
-3954 5280 9623 2
2227 -4125 701 4
6441 -4019 747 4
6672 6274 -6305 1
9822 1494 -5872 1
-3519 4849 -4618 2
7729 5378 -6629 1
-1339 -6459 269 3
-526 -8541 -6439 3
6248 -6891 4028 4
-1239 8596 1794 2
8775 9447 5840 1
-7662 2490 -2467 2
-8312 3147 5265 2
-9009 3675 337 2
9559 3064 -3427 1
-4992 9681 -4 2
1086 1102 508 1
1853 9563 3806 1
4669 -1635 -9902 4
-9385 -5475 -1794 3
-3412 6546 -6616 2
9922 -826 9663 4
6068 1999 1609 1
-8347 304 7578 2
5765 -7932 -6136 4
2134 -9427 2785 4
7683 9360 -91 1
-8360 -2373 8444 3
-4405 -7931 -2494 3
5884 6016 -5300 1
8430 3672 3479 1
-8929 -5686 8961 3
3687 5177 -9275 1
-4466 9462 7217 2
-7066 -8986 -3627 3
2223 -8687 -8998 4
1918 2504 7211 1
828 -9351 -5289 4
-185 -494 -9179 3
-7987 -4975 -4923 3
-4316 -8965 8718 3
3498 -8026 3537 4
-7136 -3898 -4304 3
665 -5496 2747 4
-3643 162 9120 2
-9849 8946 2975 2
4515 4094 4826 1
8170 -5154 3481 4
-5961 9192 4040 2
-9586 -9813 -1028 3
-7516 -4644 -9280 3
6099 -6674 4812 4
8381 -963 -5470 4
567 486 -1245 1
-227 -9607 -6499 3
9095 8257 3344 1
-6763 2502 -9347 2
-8635 -5054 -8067 3
-8437 -1901 -3094 3
248 2844 622 1
-2319 5411 -6827 2
-9920 1535 8091 2
-3270 -1059 -1988 3
-6816 -9032 -6639 3
6485 -5190 -8662 4
7172 8554 5632 1
3190 -8305 -9525 4
2525 3636 1173 1
-8369 7733 4614 2
2964 2361 7571 1
-7393 -1258 2333 3
5150 -4119 5147 4
-7166 -5160 -6515 3
4646 4801 7376 1
-2944 8157 7218 2
-2942 -2190 -3199 3
5012 1140 -7786 1
4092 -2221 -1405 4
9345 -7912 -1265 4
7225 8778 1499 1
5644 -8072 -1780 4
-755 281 1080 2
8276 -3861 -2297 4
-9295 4327 -1901 2
2999 8247 3228 1
1545 -8344 1671 4
3829 -3506 9306 4
-3362 -2493 -271 3
3931 5596 -5428 1
7618 -5174 -8626 4
3711 -9156 2237 4
9937 -4795 1268 4
1465 2193 -9207 1
840 -6032 3838 4
-7313 5994 -4731 2
-4011 -7227 -4349 3
-1847 7485 843 2
-8066 1954 77 2
-9302 -6386 141 3
-5375 -5598 1446 3
9434 3185 -8816 1
-1118 4578 2298 2
4197 -7086 7846 4
6140 -4572 3638 4
-8540 -5483 -3794 3
-2116 580 -3421 2
2520 6194 -2772 1
-314 -3777 41 3
5652 6833 -7809 1
-8564 8389 -1513 2
-6565 -2027 7312 3
5551 -3355 970 4
-9363 -8833 -5248 3
-4392 -6484 -3591 3
2484 193 -8891 1
-5962 -2144 -3977 3
4867 -8259 -3644 4
-2914 -3334 -1414 3
-4634 -3602 100 3
-3146 -5009 6688 3
-6295 7046 4112 2
8074 -1630 -5172 4
-2433 -4900 -9263 3
-4102 1804 -3613 2
-9197 -4551 6612 3
748 5857 -8119 1
-2411 5581 143 2
-7419 6421 1026 2
-9344 -6868 2668 3
-4309 5867 -6308 2
-675 1223 -4191 2
8319 4128 -7238 1
-2964 4907 6007 2
1000
-6483 9472 -3905
9647 -1279 5825
-8114 -8832 8066
-4058 1653 -8997
4073 9791 -5180
-7071 -279 1188
-9971 -2300 1033
2738 8296 5949
-9515 -6639 -3491
-2693 9834 -506
1324 9307 69
4127 -9360 -7728
7410 -134 -6363
-6857 -6089 4028
5888 1215 4219
-4186 -264 428
-7691 -168 2878
7376 4664 2239
-926 9522 5747
8119 -7532 -3332
5888 6687 3912
-5774 6355 2363
-2575 9425 -4484
2199 -6643 6685
5543 3203 -2781
845 5662 6856
3246 6640 7034
-4515 -9701 -3116
-4955 6832 -5131
2517 1868 4348
1499 8926 -8872
-3133 1115 -6334
-9954 9803 7072
-899 6274 6170
9956 -8871 1663
-7257 -5474 -3212
9444 8611 4202
-4559 4378 -723
-2826 2372 -5089
-3187 -4530 3321
-3410 5244 -5311
-2416 8272 -7343
6625 7694 -8870
5832 6238 914
-6065 -8194 -194
-5107 -7963 4556
123 9100 -5997
-3013 -4875 -3647
4987 -6624 -1784
-820 -2869 4909
-3537 -5180 5676
2055 -5230 -1391
-1956 -9030 -9952
702 2362 -1988
7464 -9217 2446
7037 2022 9373
-4032 7307 -2701
-1749 -7717 1687
-5472 -6599 9333
9394 -5275 9510
-5231 9131 -7614
4584 7577 2324
-7570 -5960 4527
4350 2240 -3863
6036 -6879 5046
-3440 -3493 -9490
-9662 -1295 -7812
5100 -9322 7121
7464 -5313 -4466
-7717 3783 1880
9439 2924 4740
537 -8279 -4705
3292 4287 6142
-7544 8024 -4664
3643 -7499 9127
-4555 1864 9692
-5807 5592 3170
-5105 6959 9724
8803 4908 5075
-6688 -6311 7896
-1477 -2517 2088
886 1959 7606
-6116 9127 7647
5067 -9009 7261
-5509 7220 -1331
-5698 -8194 -8975
-9062 -9365 -9187
7386 -4420 7119
7427 104 4661
3163 7417 9027
2468 -3014 -290
-9696 133 -3704
4334 2274 -898
6514 -7889 3969
-4626 5825 -7440
-2549 -6034 7995
7295 -6162 1213
1538 8594 -3074
-3245 -1768 -1154
7970 8789 -8130
3153 4239 4311
4264 8971 -775
5080 -7283 -4789
-2956 -2415 437
-7803 -737 5199
-4688 -8993 -6050
-5797 -8140 -6793
7927 -5115 -523
4591 -9771 4210
8058 -1132 311
7824 8209 -3124
-8985 8717 204
8999 -7082 7445
6684 5923 6810
8200 -3162 2247
-151 6972 7373
6215 5274 6693
-1965 1429 -7322
-4253 -957 9895
-2982 -7791 -1676
6615 7904 6282
6698 -4187 -894
7138 -1808 7115
-3179 -581 6841
-2262 -5151 3495
-1256 -1143 2054
5135 8190 -8116
383 1948 -6144
-2259 5531 -8646
3001 3007 7989
1130 -7952 -7918
-8233 -5477 536
-8309 107 5888
-6065 -1631 -2018
-3359 5507 7153
-7755 -1040 9731
3569 -8750 -6492
2087 -8828 7289
4351 -4740 -4960
-4391 718 4669
-4862 7398 -532
5256 634 -2370
-92 -5126 -2155
1227 1436 -2855
1906 7165 -6696
9710 -2314 2090
-8995 3853 9136
7959 2228 9382
9635 4784 8896
-3812 -3251 -3855
1705 9739 -9573
-3913 3596 948
908 9937 -6253
-9938 -5628 8800
-8932 8007 3085
4969 1507 -9304
9552 -2561 -3331
-9046 9200 6000
8436 8451 -4064
-9258 3224 5374
-5628 7613 -5797
-2742 3690 -6046
-1989 -9724 2725
9518 -7385 18
-8729 9476 -146
-1411 3671 595
-5195 5165 606
-1975 1125 -2436
-7427 -7044 3161
6423 1189 -7794
4773 7836 -1433
-886 -7034 -3241
-4262 8516 -1886
-5173 7208 5992
-822 4108 -7958
1 4984 -8228
-6006 7501 4725
-4357 9918 8232
-7618 7469 4296
9183 -6050 -7009
192 -461 -1681
-6685 -1993 7772
9408 -6956 6048
2131 -6551 -6640
3387 9464 8885
-2012 -7192 6932
275 -7578 5557
-1469 -2311 -5995
2244 -2655 9912
-961 4142 3324
9952 -2957 9376
9968 4550 8786
-362 2779 -192
-7651 -2797 708
-6980 8294 9652
-7442 7460 -4416
1660 9903 -6284
9857 9076 3259
-3109 7984 -5294
-5092 6558 -6671
-4460 -1496 8049
3620 4798 -4968
9045 6594 6379
-1528 -1526 1154
9756 4890 -9720
-6075 3496 6697
3369 6361 2925
-654 -2201 5707
589 -179 -6751
6329 -9116 6438
-4342 7146 8464
1453 -4936 3443
-7139 -6251 -5410
-7479 1035 -7548
8389 -8682 8638
9570 -5262 -8161
7815 7174 -3109
-4798 9701 -6031
5276 8931 -5201
-7629 828 -6502
-3694 -24 -2563
8343 4963 5616
-1195 4507 9068
-7689 -6111 4067
-1384 7757 -8337
6295 -4571 -442
1682 2406 4519
5076 8586 3144
4701 4955 8941
3286 -9259 8517
-5682 8645 6614
-1816 870 -7754
6444 -426 -7310
9727 -1954 6667
-3265 -5641 5951
-3863 -9382 -1452
-2588 -2414 -2963
4114 7697 -1652
6736 9339 1120
1286 -1780 -5245
-9404 -6876 5883
-6595 -844 -5741
4737 -9804 -7206
-6339 -3734 -6674
-9502 259 1443
57 9767 -3268
2449 -4190 -3047
-4776 8245 2698
-9020 -7603 -9648
-8545 -415 8884
-9009 4293 -6178
-7996 2548 -2647
-7756 -5774 3578
-7294 5961 9931
-2662 5315 -5405
-9156 6692 -4488
-7783 -793 4822
-8370 -8404 -88
-9891 -1265 6126
2430 3038 8873
113 -1589 2452
545 -6483 -7146
9379 -51 3472
-849 -9117 -9570
-1520 -5758 -6458
5946 9581 -6905
3728 8534 3508
655 868 1510
-7826 -8175 2218
-1610 -8485 -1479
6340 -1941 -9212
-994 -8733 -4375
1586 -1112 862
3133 -2573 -2550
7562 7451 -2621
-6429 -2774 -7215
-9836 4784 -6440
129 -2637 1530
5515 4128 -3968
-5215 717 -4739
6825 -7299 4893
2764 3235 179
-8982 -7634 -2069
-9631 9469 -4315
-896 9536 2336
3749 -6552 3100
1373 -3330 2135
9369 -1877 -8326
-3110 474 3039
-4546 2294 5435
9121 662 275
8964 -5918 -4796
6351 9543 8320
-8037 -7961 4763
-7944 2074 8565
2498 -2229 -7597
4126 -1803 -5550
7405 -3676 -2365
-2221 6211 -3988
-4665 7246 5139
-2070 -7801 -212
-7220 9395 8718
3072 6405 -625
9763 3981 764
6014 -2376 3410
-8139 -4595 -423
-8690 -932 1952
-7591 3980 2410
-5868 5665 -7288
651 -5945 5242
-8448 -8636 -2917
2917 1500 -4005
-6538 -9851 -6420
4764 1918 180
9460 -4416 3570
-4283 -1600 -3855
6050 8833 -1286
3697 -6971 -2164
8052 9251 -4996
8957 -2174 -649
4520 -2566 -8560
-3196 -5886 8123
-3968 -9519 -5569
-1259 -4184 4786
-1219 3050 -714
-6871 3811 -7640
4162 3350 5367
-4553 9741 -664
-6730 8756 413
-8499 -2519 5853
-7967 -40 -6889
-5308 2541 -8749
-3150 6607 -8454
1767 -1432 9231
9144 417 -2503
-5598 -6732 -9153
-289 4504 -2282
-5207 163 1957
-3464 -1333 -2281
-8359 -7379 4573
-1517 9024 2446
-3174 2607 -4258
-141 -9848 -6523
-7750 1349 3305
-485 502 -4107
-4350 9733 9523
4736 -7932 9383
-3205 -8329 -5293
616 -9840 -8524
-226 1099 4796
-3227 -2714 7186
-7950 1586 -8863
3252 -2587 630
-7082 -5059 -7975
7457 -6599 -686
-8423 3080 -1524
-9087 -3738 -3617
2782 2178 1376
2341 8189 3715
7586 -5883 5751
7312 1429 4792
5226 -7220 -4819
6206 -734 1184
-4748 3838 -785
-5429 -8841 -2965
9982 9610 5866
3235 -5489 -7365
-7075 5505 890
-4781 5381 2357
-3266 6386 -5195
-4825 -8074 584
7447 -9945 -392
-2438 5252 4357
-1645 5087 -6161
2138 -4977 -9238
4135 7445 -2120
3571 6280 -4757
1242 -3968 4252
3485 6761 -8196
-6230 8315 887
-6931 -7439 8649
-3933 -9908 9757
4909 4833 -8773
3249 8503 -8243
9213 6780 6605
-146 -1866 3557
-9009 -4600 5956
8631 7910 9279
-840 9467 -7406
-5010 5202 -2832
9369 -2411 5823
-1021 -6090 -6171
6670 9018 -4504
-3838 7059 -6153
-1309 -3300 -1592
-9727 -7056 -9086
5067 -1516 -7658
7870 470 4827
-3356 -6038 4969
-3517 -196 7221
-6747 -5404 -2192
-7806 -9696 7997
-1635 -7068 6524
9335 -5186 -196
-3021 2948 -4252
2039 2578 171
-7217 1172 -2581
-6963 -9779 5674
8171 2615 5383
-2398 661 8766
6906 -4017 -2269
6221 -9155 -8356
4053 -102 2306
-6389 281 -2277
-3161 -5602 -221
-9254 -4494 -7049
5593 -5502 1850
-3179 -9938 5355
-9913 -7028 476
6869 -8516 -8223
-2861 1583 -3295
-9005 -9069 -44
4491 2337 -5002
-9355 8820 -5018
6731 2146 557
6200 1271 -4846
-4833 2773 7591
5098 -245 1485
8164 -8941 100
8573 -4777 854
4105 521 -2976
-3714 8286 -6085
-3324 1578 3990
5493 1407 6508
2460 -7717 -8345
5653 -1435 -9770
-5223 3246 911
-2948 6997 7363
5375 4409 -791
3802 -1944 1386
-201 -1283 9976
8182 2915 -8157
-6392 9624 -9566
-8303 788 -8917
1417 -5321 -8416
2853 2678 5055
7592 -8335 -9844
5672 2387 8291
9724 9154 801
-7571 -45 8931
-6516 -5828 -3166
-7861 1869 3820
-6342 -5664 -9797
8845 -89 6091
-7282 9693 1400
-934 -2318 499
-226 -806 -5222
2685 -9590 7402
6658 -2425 470
-1156 9448 3691
-67 -2453 7512
-9667 6351 4454
8012 -7780 8369
-5485 4221 2908
-2864 5081 -9338
-8057 -3457 225
1659 4009 3940
3585 -4437 -5377
9905 -3130 9245
5791 4712 9483
-9437 -5907 -4519
-6625 3813 -9290
-4888 -200 -1963
803 2573 -2061
5129 5695 -9207
3131 6784 -9354
-4143 -931 1918
7263 7502 -5470
8517 6131 -580
5617 -8589 -7515
-1643 -2438 -106
1949 2365 198
-6469 -2410 -2453
-4846 7286 -4862
-5274 2955 -8729
6884 -4215 -233
-3731 -8450 3560
-9833 7804 -5268
1059 2392 -9995
9996 6046 -4131
-3596 -2598 6177
6072 -5607 5452
9376 -6827 -5352
-3478 -6434 -8905
8447 -3818 -8169
5815 3061 7121
-5986 4153 3717
6804 1431 4688
4962 -9949 -7875
-3654 861 -982
3825 -3390 6565
1239 -5444 -1158
2316 2296 6585
2239 -200 6017
6054 -327 -7803
7772 -5267 -36
-7060 8605 2339
-566 2200 -1148
-6763 4321 -7160
1396 706 3194
-5208 -6555 -3148
7511 9379 -5391
-7641 3687 -1307
9423 -8616 -5702
-5423 9657 4801
5709 280 -7774
-659 7812 5519
-5240 -3451 2655
8410 -4478 -3110
7621 -2138 4199
3566 -8178 -7170
-6905 -8302 -5205
-1175 6175 -9930
-1082 2531 5769
9768 160 688
2659 986 -6214
-7897 -1504 6251
-5941 -572 -6242
-6166 9121 9118
-8382 6010 -9871
-1354 7277 -7026
-3874 2366 -8692
9169 5818 -402
-200 -9124 -3600
2448 -9499 9128
-275 201 751
-3405 7342 -6025
8259 2405 -6753
-7622 5389 -3870
6854 -5630 -4358
-3811 8921 -5449
-2760 5726 3116
4169 -6340 7579
1389 -3914 2175
-4765 -3956 1702
-895 -3755 -2644
5629 7112 -473
-8226 -2257 -4239
8289 -4865 4856
7445 9780 1550
-9437 4259 3986
-6946 -2836 -4504
6307 -2365 -975
8971 4296 -5982
2728 -361 1052
8632 3102 8018
-6084 -6607 -477
-2247 7761 561
8809 -3323 1569
2850 5024 7074
2064 5799 -850
8001 -8559 165
-7080 9246 -7893
1956 4041 -9816
-246 1834 5777
8834 586 -6424
4379 -8012 -2799
-4313 2827 1541
7185 -9779 -9276
-4151 -6135 4899
-8162 -448 9092
525 -4850 -6887
-5692 -7341 -8833
-8455 -2925 -7428
890 8912 -4608
3786 8975 6318
7809 -7233 -2933
7612 8064 9594
-3400 -6603 8095
-608 3750 -8166
6886 -5951 -1940
6701 -3150 -1100
-380 7812 5049
-4916 -9295 -6388
-4087 94 -5675
-2415 -1680 -5290
8561 -1017 5715
6469 -2645 -351
-9130 8623 6466
3786 4934 -1561
3350 5770 2404
7886 -4930 8487
-7762 720 5274
4616 256 -5804
4324 9360 9465
-4601 -7837 508
-2450 -6760 -6058
5322 -26 -9361
-7611 -8907 -9711
8136 -9119 -4649
4209 1928 -3948
3640 -6309 -6714
3450 8146 -8578
2549 -2636 7112
-9463 6373 196
-2937 -262 -94
-876 -3869 -6046
6389 -1944 -51
1591 -4583 7820
-9183 -5410 814
-4266 -2071 -2364
5237 8420 8771
-5775 6880 -994
8901 -6576 -9235
8489 440 -3839
2240 6742 6737
-230 5407 -2224
881 -3137 7575
-2775 -7732 2845
5921 3426 6599
-2250 1644 -1433
-9474 -7400 9156
1665 -386 7674
3015 2966 9369
-3803 -497 4078
2492 3835 -694
-5978 -1299 5
206 2415 -9244
-666 7689 4255
-7150 2366 -7761
3137 2191 5839
-2678 -9178 -500
8244 -4048 -6077
-9502 1264 2775
5415 9609 -2985
1888 9673 -5268
537 -6608 7260
9574 -7024 5948
7603 5682 -2345
2549 463 1527
3037 1270 9495
2637 -812 9041
-6817 -4024 8616
1454 9945 -3352
-3219 4208 -8250
-4819 5404 -5286
-444 -130 7145
5254 -4816 -476
-2672 -9554 -981
5887 -2430 4443
-9844 -6762 5194
8824 -2299 889
6297 -2504 -4128
-2813 6572 -6545
-2729 -8884 -1103
-6904 9085 -3862
1284 617 8752
2179 299 3163
6418 -1890 1255
-2968 -9042 -1924
-6969 -3016 -1497
-6443 -2968 7732
9618 2495 -9215
-7000 -5776 -1913
2606 6347 7542
-8007 -1549 9140
7453 -8529 -8293
-1844 3456 5790
-5407 -1211 1200
-9213 -9537 -3561
4948 1206 5956
-3713 8944 5132
-9204 -6816 -8913
1177 -130 -3822
5035 4233 2096
-575 63 6664
7725 7036 451
5410 -7673 5899
2679 3818 1472
7498 9000 6352
6961 -2396 -8155
5022 -5132 2087
1142 3636 146
-1726 -8202 5253
-2030 -3026 -9500
293 5808 6253
-446 -4657 6218
-2385 5955 5422
-5015 -4389 7979
-8219 -9922 -414
-7120 7852 5035
3613 4789 -1702
6958 642 9053
-4707 -7314 -3251
1444 1308 -7793
-6697 -7011 9818
-1963 3725 -6226
-7717 2819 6750
-2481 -2219 1582
7000 -5967 269
-8022 9655 1621
7441 -6038 -3287
3455 5596 -1469
-8581 -4584 1235
4952 2993 1232
6305 4073 6380
-7939 3649 2708
6814 -2453 -8561
2055 8383 4711
-2789 4758 -5579
6971 -5154 -3247
401 -5005 -6556
-3359 -3179 -8820
3554 110 -1544
182 6195 -8646
4772 2627 -8503
-8255 6254 -4105
6325 4034 -4237
9086 2959 4752
-4655 -8649 9046
9528 4062 4586
7650 6500 1928
3866 9266 -9717
2315 -8026 -8042
5617 -2681 -3064
-6971 -8187 8627
-7128 5744 -1472
547 -2411 7564
2639 -8443 6957
-4796 6363 -3825
7713 -3948 4448
-834 -5151 -3675
-9221 -5307 -7372
1947 -4926 1369
-6067 7446 5345
2514 110 -3092
-8623 2435 388
-1639 7062 -1763
7288 -6016 -7669
5153 1399 9871
-3168 -5941 -896
2299 -7840 -271
-5864 3611 1333
8534 -8898 -7955
-2812 -8506 -5852
-3474 3634 5346
3021 -5591 6222
-8417 -7778 -7486
1912 1469 6451
7362 -3500 1527
-9543 -5516 8914
-8106 4055 8478
-2337 4005 1997
2012 -7684 -7796
-5485 -4918 6969
8144 404 -253
9623 6989 5927
1966 -9165 422
6534 -1140 -6210
-6300 9506 4969
-8900 -7171 -6404
-4406 -3732 -2086
-9178 1488 -4214
5448 -398 5236
-6605 3138 1335
-3317 5610 4015
320 3951 8235
6747 -6429 531
935 -3584 7314
7950 -9737 -9675
-7658 7559 5874
1875 -3352 -1853
3045 6369 941
-6406 5221 9055
4160 7003 -9636
4100 1166 -6914
-9754 8607 -5895
-9996 -9098 4863
9900 -5861 9076
-7463 1736 -4805
-2909 4933 1454
4839 -4198 -250
-4414 1103 8097
7088 -5422 -1891
7340 9101 4511
-3067 8511 -9842
-9795 -2331 -9426
-1907 5490 -4527
-5256 -2927 9358
-4841 6173 -8466
4990 -3213 -8474
8226 -1637 -6880
1388 2801 -1604
1669 -5324 -4091
-1554 5987 -2807
-6894 -3961 2107
-9597 -5816 3508
4959 -781 2417
-2906 9376 -2514
9295 5535 -8659
5279 -4513 6600
-4815 -297 -6193
-5964 -4400 2301
-5188 5276 291
-6396 -5589 -736
2784 -2528 9237
2330 -2181 8727
-5161 -4043 -3931
-7245 7806 8350
-2501 -3857 4067
9205 -8813 5763
-4892 -3656 -1979
7071 -3215 -9030
8522 -6577 3966
-2496 -3795 -9679
-2045 -4225 7625
2124 1728 -629
-3862 2906 3955
7111 5998 -8476
6105 -934 5100
5831 -1538 -9551
8811 9932 766
-2359 -9168 -1160
-5641 -6849 -9769
8513 2214 1710
-215 2714 4247
-1890 3182 9442
-3546 -9562 9675
-9357 -7169 -8884
6021 -6578 5696
-1442 -2143 -4040
5377 3291 2465
-8489 -6698 7685
6176 -6885 1172
1481 -9234 7262
4778 5606 -9335
139 -888 -1645
5007 2422 4968
-2124 1911 7986
-2538 -5271 -2435
-3744 -2080 -5747
-4911 3216 -2900
-7696 3082 -8333
3055 6784 4873
9799 601 -8858
-3169 9979 8587
-3951 6932 8968
-6872 9825 6111
-5062 6544 -9184
-3222 -2210 2749
-17 5449 6670
-2108 -4094 2427
-7392 -8057 9230
-2112 94 -2124
-770 6456 -6754
5920 -8379 1285
-637 -3649 2874
-3572 -1508 -1793
1601 2039 8372
-4159 -3563 8453
-5017 -1379 -7467
-8273 9343 -5308
-8436 -6459 1931
-9807 -2038 5043
2491 -5300 -8080
6917 -5399 -1
-3672 -6246 -9955
-1266 9132 1355
-6879 -4828 -6417
-3423 -749 -5825
7787 -7522 -8311
-9967 -2052 7163
709 3819 -4133
-3066 -5763 6279
-6804 -3144 -401
-9027 -6102 2261
2531 -7455 -7104
7620 -4129 9751
-4400 -7411 1760
7003 2907 -5677
6344 -7793 9391
5043 5387 8516
-6429 3089 -3528
-8798 8653 7516
4939 -8554 -2582
-676 -167 4512
3757 -9680 -4232
9423 -693 -5880
-662 -8537 -7227
6222 8108 3140
597 967 -1860
-2868 -9495 -2202
-7133 -7519 9948
2051 2397 8879
4304 4903 -5954
-914 8849 -2049
-3099 -7600 8464
-2245 3069 -7132
9831 6466 -5027
-3567 2323 3739
-8831 -7945 -5116
6143 4158 1489
-2843 9825 1951
-6538 -4217 2140
1419 157 3405
-8087 2674 -8503
-8920 -1726 3224
9524 300 3804
-5530 1405 -5357
-8209 8527 -4872
6801 5943 -1853
6246 -9107 735
-3384 236 5594
6765 -7738 9301
7081 -9668 1133
9320 -9712 -6
-8777 -5821 -3444
-8466 2920 9998
-6991 -7940 351
7603 2422 3777
8504 8721 4839
-570 -8258 -3166
2 9928 5769
-5661 -1703 423
3700 -8337 8669
7313 -6250 -6321
4782 6675 6934
6101 -543 2614
6224 9455 -6271
-7742 -2761 3382
-1666 5270 -2852
-4740 3587 4227
-9282 -7496 9924
-9900 1595 -5788
-7038 -9459 -6337
-6289 -5939 6893
-878 -7638 -6357
-439 6546 6346
4093 -1578 973
7250 7552 231
-6969 5105 -9040
1816 1894 -743
796 2871 5529
-2793 -9354 5717
-6926 -4558 3342
1828 2021 -7310
-2576 -5371 8248
6143 6361 9095
3565 4473 -8964
9975 -1602 8238
-1579 -5894 7481
9551 -8900 -2501
-1511 5777 -1527
-8163 -1853 -7598
-3962 -1801 104
-2318 -7523 -6666
6909 3761 6664
-8324 4879 -9154
-6976 -4852 -3196
9240 6893 4068
9845 1612 -2228
9889 -1048 -5810
-744 3434 7936
6949 -9115 -7859
134 1391 8703
-9587 7430 8927
1138 5056 -6811
-718 -4522 7861
7002 -6928 7537
-3135 5747 -8054
4800 -8396 -5197
8558 -5287 1232
1669 -2738 -1121
-8358 -5570 8078
4904 4339 -2180
-1757 810 -8831
9247 6842 4353
-1305 -380 5392
6045 -7748 -8718
5684 -5878 -2474
539 -8071 1896
-3826 4464 397
1232 124 -2232
6018 -9328 8270
3515 8813 -2666
-5055 6127 7473
-6035 8987 -1135
3169 9884 620
1185 2929 -5122
-8436 6803 -2394
9605 8736 3754
-4714 866 4386
-1849 -919 -1362
7153 2282 -1070
-1782 8283 -8716
-8827 -767 1286
7515 -5322 219
4441 6117 -1029
876 -5925 -9672
5586 1094 -512
