10
100
109 -9781 -7901 4
1499 6793 9950 1
-9946 -54 6434 3
9334 -6054 4575 4
-1890 -5580 2178 3
2733 6386 6390 1
6016 -4211 2646 4
8422 -1283 8475 4
5373 917 -6219 1
-3083 -9110 -405 3
-2249 -5484 -3654 3
-7410 -808 -2282 3
4764 -4599 1889 4
-7315 -4521 9788 3
-6016 4665 2417 2
-2826 3437 -9186 2
262 -4178 -3691 4
-3628 -3739 4659 3
6245 -9934 -4310 4
1813 2878 6881 1
7094 -5396 4319 4
-7265 9467 -3023 2
2994 1115 5048 1
-5995 -9014 -6768 3
-4057 8456 -166 2
-2934 7434 -9611 2
251 9376 -4934 1
4117 1125 -3397 1
-1584 3132 -7404 2
-1882 1405 -6153 2
9761 3775 -1982 1
-9912 2419 -2192 2
-5960 4975 1368 2
3944 -5143 8534 4
-8258 -9875 -5722 3
5636 -1550 9482 4
-5160 8741 4923 2
2917 -4296 8534 4
-7427 982 -6023 2
7833 -4079 -2837 4
2239 -7154 1905 4
-2618 -7012 -3266 3
-9473 -544 -6408 3
5801 2469 -6335 1
-1952 -6456 -1735 3
7482 -7053 -2655 4
7272 -6011 -1349 4
-2775 2321 -9730 2
-7656 3914 -1265 2
6707 -9237 -110 4
5517 -2224 2541 4
-8569 7287 3485 2
-9318 814 4656 2
558 602 8986 1
2032 473 -3204 1
-6203 -5575 -1178 3
-221 -3476 6999 3
3075 -6478 -9640 4
6023 5165 6574 1
-2096 -933 -2403 3
-3167 2760 -870 2
-6718 8624 171 2
3656 -9619 -17 4
7031 -7265 6211 4
5263 2790 -4702 1
-9765 -1315 -5247 3
6513 -6534 -8488 4
-5202 6434 -7949 2
7996 -6826 -5315 4
7223 -8198 -8649 4
-1551 -4845 8731 3
2754 -4570 828 4
5995 4961 9299 1
3546 4295 759 1
8240 8844 3771 1
-7731 3628 4343 2
8506 6934 -7551 1
6812 2349 -1237 1
6294 -6180 422 4
-4623 -4153 6942 3
3760 3150 -4761 1
-4743 -4100 2429 3
-7479 -5598 9417 3
8136 -6945 -6621 4
7336 -5126 -7158 4
2539 7793 -7100 1
4932 5311 -9719 1
1361 1346 -9501 1
3987 -2104 -2060 4
4993 3562 -2 1
-2572 -9864 8169 3
-6920 -8034 -8297 3
-3061 -7899 -2354 3
-1617 4911 -7890 2
-7790 1841 -3764 2
-2427 3949 208 2
3043 -9023 6294 4
6805 -4392 6203 4
656 3019 7565 1
-1523 955 3543 2
100
-8364 6205 -5384
1852 1251 3018
6287 8944 8309
4936 6427 -1354
3380 -5069 -3926
9759 -622 -3796
-9893 7982 -3416
-4763 3075 9876
-2302 -6446 1148
4137 2944 5526
-8537 -9621 -5769
-5152 8594 -7369
-9564 -9157 -9243
7382 5541 -3149
-474 -3061 -7738
-7495 1622 2957
-9453 -8803 -7243
2190 4420 8915
-4934 2514 -7884
3251 2580 -2064
9056 -2545 -4840
-8081 4786 2657
1224 -3039 -8065
2973 4164 7101
2051 -3150 -1942
-2380 9269 4660
3415 2713 9965
3998 -11 8247
-5974 -3003 6144
3695 5026 468
3466 -1616 5390
5814 1653 -3232
6095 -6212 8785
353 8228 9941
358 166 1289
-5566 -7387 -6254
-535 -1710 4198
-8913 -3132 586
3152 -5215 -5989
1118 -7047 -1715
5534 -8065 -3979
8619 -249 1821
2955 425 2164
-8605 5898 1851
9839 -6186 9016
-1921 -3879 538
-7277 -8449 -468
-3334 8375 -9212
4084 -1637 4304
3412 8124 -5938
6602 9289 -8815
1955 7964 1441
4544 3578 4974
-8867 -9369 -5461
1916 7221 -793
-8791 -2299 5531
-3416 -5886 -6301
4727 -6362 -1821
31 -4864 -1564
-6337 -7560 2066
-2969 8778 -6195
-9981 9312 291
-9134 3946 -3476
4641 3138 -4864
-5965 -7589 -689
-7877 -9558 391
-845 -4116 6608
-9237 -3618 -6705
7950 8729 -5672
3088 2079 6916
6118 1048 1360
7355 7032 -2892
3643 -495 5778
-6374 4603 -3902
5167 8600 5
4313 3861 6575
-3321 2025 -592
8371 627 7931
8770 -3272 -6204
4958 -2398 -2924
-5558 8251 -6395
4571 -8445 -4462
831 2060 -5356
5903 -3521 -475
5320 6548 2858
2424 -4076 -3348
2408 -6869 8171
-4440 -9401 -8320
987 8504 -8872
-2874 -650 9882
1972 5793 8389
-3945 -8215 -8950
-3951 -6675 1466
-2198 9128 8492
-3560 9584 -4123
4268 -1450 -697
-651 4922 -5520
3486 -1419 8498
937 9995 -7917
-9842 4434 4445
