4
10000
25 -53 4
27 -90 4
9 -74 4
-41 11 2
84 85 1
-89 -67 3
-58 72 2
60 -80 4
-18 98 2
45 -52 4
30 -84 4
62 -61 4
33 99 1
-9 69 2
-86 -63 3
9 20 1
85 -21 4
-84 -93 3
-3 86 2
-4 -62 3
-49 100 2
-35 -93 3
-32 -73 3
96 -51 4
27 35 1
-69 -34 3
-98 10 2
90 91 1
-77 16 2
-85 -16 3
93 -23 4
70 -48 4
11 7 1
36 -38 4
21 -79 4
82 -97 4
-41 -43 3
30 35 1
12 -37 4
94 -47 4
-81 -70 3
-34 42 2
90 -84 4
2 -6 4
58 43 1
-71 39 2
-65 -59 3
89 62 1
66 -64 4
-5 89 2
69 32 1
20 9 1
2 -62 4
-64 -99 3
-39 -5 3
-93 -4 3
89 -88 4
-2 -93 3
21 73 1
95 98 1
-58 -14 3
49 -20 4
-67 75 2
-58 35 2
-84 37 2
-29 -18 3
71 33 1
-19 12 2
-11 -92 3
31 75 1
90 74 1
59 33 1
-36 -14 3
31 -81 4
96 -12 4
-76 30 2
-89 76 2
-94 -36 3
54 -32 4
-26 83 2
35 -37 4
-45 44 2
-40 99 2
72 63 1
-31 56 2
26 -87 4
-64 52 2
-17 -55 3
22 -24 4
52 47 1
68 0 1
-76 92 2
-1 -57 3
69 -65 4
30 -44 4
-43 -32 3
65 5 1
6 64 1
46 88 1
77 79 1
-27 18 2
85 12 1
-19 -17 3
-43 27 2
-95 14 2
-29 4 2
-94 26 2
79 -92 4
8 37 1
63 -30 4
56 -22 4
86 46 1
16 -13 4
-98 81 2
-45 -38 3
42 85 1
48 -88 4
-87 4 2
-50 -24 3
-72 61 2
-12 80 2
-38 -51 3
-40 -96 3
5 -78 4
-76 -9 3
62 71 1
-50 -56 3
73 -31 4
-72 85 2
-32 79 2
-57 -60 3
72 -56 4
37 74 1
52 15 1
-72 -23 3
-88 26 2
25 -66 4
-21 79 2
100 8 1
64 92 1
83 -34 4
-16 -33 3
78 47 1
86 -86 4
-24 -3 3
-79 50 2
37 68 1
-99 -37 3
6 75 1
-36 30 2
86 -62 4
-87 -87 3
-88 4 2
100 77 1
29 -58 4
28 38 1
98 59 1
21 65 1
52 88 1
93 -38 4
48 21 1
98 86 1
12 -42 4
90 18 1
58 -41 4
-98 -53 3
-98 -90 3
69 -35 4
-60 0 2
41 -48 4
-97 85 2
-22 -30 3
-29 34 2
100 -82 4
81 80 1
-82 -24 3
-24 -23 3
-55 40 2
-64 -44 3
-19 -84 3
28 66 1
98 -32 4
37 9 1
39 51 1
21 54 1
-80 80 2
-36 -6 3
36 29 1
-76 25 2
62 -98 4
-91 -62 3
-48 -17 3
-2 -56 3
-25 -18 3
8 -17 4
34 -16 4
-52 62 2
-12 25 2
-45 -30 3
34 -14 4
-48 -95 3
-86 -87 3
65 -69 4
-5 55 2
81 -41 4
-74 0 2
-32 56 2
-87 63 2
92 -91 4
33 -72 4
-12 -17 3
83 21 1
92 -28 4
50 58 1
-39 -71 3
50 -29 4
88 -28 4
-10 14 2
1 -83 4
-46 51 2
15 -80 4
-12 -38 3
-49 59 2
-35 87 2
-35 86 2
-71 51 2
66 -67 4
17 -31 4
-38 72 2
-75 -99 3
-27 -76 3
-66 97 2
-6 91 2
82 -40 4
-35 21 2
-16 -81 3
46 71 1
21 -62 4
18 17 1
-82 -17 3
-74 -94 3
83 68 1
100 33 1
-58 69 2
28 74 1
58 -80 4
28 39 1
56 90 1
61 51 1
4 -77 4
97 -95 4
73 -74 4
-10 71 2
-73 25 2
47 -78 4
-36 1 2
-77 23 2
-8 22 2
28 86 1
1 -38 4
93 -61 4
63 -99 4
-26 -73 3
63 76 1
38 -10 4
7 -97 4
80 -7 4
-68 29 2
-85 35 2
70 -75 4
18 -58 4
14 74 1
71 -26 4
63 7 1
-71 15 2
-13 -10 3
-28 -21 3
27 -40 4
-8 49 2
-2 -23 3
81 -76 4
-19 -56 3
51 37 1
7 67 1
62 -9 4
-70 94 2
97 -94 4
-93 -64 3
-87 -100 3
100 95 1
-14 95 2
-60 28 2
60 -32 4
-51 -93 3
51 -72 4
18 -77 4
-12 -97 3
0 1 1
-78 35 2
-13 -29 3
0 86 1
-50 -30 3
12 74 1
78 -88 4
-3 -13 3
-72 -13 3
80 20 1
55 -66 4
-68 -19 3
28 -49 4
-92 -86 3
56 63 1
2 64 1
-36 -6 3
-71 -49 3
-97 51 2
-98 -42 3
53 -84 4
23 77 1
-33 -98 3
-85 -74 3
-15 3 2
-50 -96 3
-64 32 2
-73 -26 3
69 32 1
-57 -25 3
-53 83 2
72 53 1
-5 87 2
63 -99 4
91 -41 4
97 -95 4
-58 77 2
-94 -77 3
-54 -74 3
-43 55 2
-1 -62 3
-62 -29 3
-17 -9 3
17 27 1
-23 65 2
-34 -91 3
73 4 1
36 81 1
-15 70 2
35 -39 4
78 -49 4
72 50 1
-76 71 2
43 43 1
28 -89 4
-73 98 2
-67 42 2
-48 57 2
-76 12 2
72 68 1
-66 43 2
-60 -94 3
-69 20 2
-12 -14 3
0 27 1
-79 -53 3
-59 43 2
-99 -93 3
-42 -9 3
-29 -33 3
43 -43 4
-51 -85 3
-36 91 2
41 54 1
-23 15 2
24 37 1
-33 51 2
73 -73 4
-87 -94 3
-9 89 2
-92 82 2
-57 -41 3
-18 49 2
40 7 1
58 71 1
-29 -76 3
-29 -27 3
-70 57 2
27 11 1
-77 -77 3
10 -18 4
65 -44 4
-84 -71 3
46 45 1
-95 -6 3
82 -1 4
-13 97 2
97 98 1
13 -37 4
11 87 1
47 59 1
-11 -20 3
-53 34 2
-76 25 2
-88 16 2
53 1 1
-82 -93 3
-92 70 2
-73 99 2
-33 -65 3
-9 74 2
69 75 1
-91 73 2
-86 -87 3
-49 86 2
51 61 1
-30 46 2
0 13 1
81 -71 4
54 -54 4
41 65 1
-15 -30 3
-77 -85 3
-98 57 2
-44 -16 3
-46 -5 3
74 95 1
-70 96 2
59 -94 4
32 -41 4
48 60 1
54 67 1
-29 -29 3
-6 -73 3
34 -9 4
45 -67 4
51 31 1
89 -74 4
-56 -30 3
89 4 1
53 13 1
-49 -39 3
-2 70 2
-45 81 2
8 90 1
-20 13 2
-10 95 2
29 65 1
-3 14 2
64 95 1
42 -64 4
-23 95 2
-96 22 2
-12 -56 3
85 -57 4
-18 -75 3
65 1 1
-34 0 2
-23 -10 3
-72 57 2
-33 -42 3
45 5 1
-17 40 2
46 -9 4
4 -53 4
51 9 1
74 -6 4
-95 31 2
60 -36 4
-58 -88 3
-57 33 2
-15 -21 3
-49 -96 3
-56 80 2
72 -20 4
35 37 1
15 -46 4
97 -30 4
-24 -68 3
-54 -92 3
-78 62 2
62 1 1
-94 -76 3
54 -42 4
80 88 1
-69 41 2
-84 -9 3
53 34 1
63 77 1
51 92 1
72 -52 4
11 -77 4
28 99 1
44 13 1
85 92 1
73 1 1
-72 73 2
73 84 1
77 -70 4
81 31 1
64 -34 4
-75 -92 3
-63 39 2
40 95 1
72 52 1
-12 32 2
82 -22 4
-31 30 2
-35 -52 3
75 -93 4
17 33 1
-11 35 2
-55 16 2
-20 -52 3
20 92 1
-8 93 2
-64 -43 3
-20 -76 3
74 43 1
-80 -17 3
89 -5 4
99 58 1
85 92 1
46 57 1
-13 95 2
-37 -77 3
56 -86 4
-66 -37 3
-4 76 2
-72 74 2
-93 51 2
-32 2 2
40 7 1
-18 56 2
-45 -72 3
-48 4 2
13 -72 4
45 -81 4
95 -43 4
-25 -39 3
-71 -7 3
-43 16 2
11 -80 4
9 -60 4
-8 -60 3
6 -98 4
-82 -69 3
81 76 1
97 -89 4
71 80 1
78 89 1
-72 56 2
-9 58 2
-72 -35 3
-44 77 2
-25 91 2
18 -74 4
72 94 1
-40 55 2
24 20 1
85 -77 4
56 -76 4
-9 30 2
73 -96 4
70 -21 4
35 -99 4
-80 -15 3
25 75 1
-55 79 2
19 -56 4
-16 92 2
45 35 1
59 20 1
72 31 1
-14 60 2
77 50 1
50 57 1
73 -87 4
-22 -49 3
20 0 1
3 59 1
-45 -15 3
76 53 1
78 -48 4
-17 -28 3
-7 -50 3
-21 72 2
42 51 1
3 -53 4
-83 50 2
-82 -53 3
37 -49 4
9 -38 4
94 90 1
16 -72 4
53 -52 4
-15 -48 3
70 -84 4
5 27 1
-82 84 2
59 -18 4
-4 62 2
35 16 1
22 -91 4
39 88 1
27 -68 4
-2 97 2
77 -5 4
12 -32 4
-11 37 2
-63 -76 3
-51 18 2
-3 -62 3
-2 92 2
-22 73 2
52 56 1
44 35 1
-25 91 2
50 76 1
5 37 1
71 -23 4
1 -96 4
60 -76 4
28 15 1
77 86 1
40 23 1
-53 46 2
30 3 1
-72 -27 3
-29 -83 3
-8 63 2
25 -8 4
23 -32 4
97 9 1
68 -45 4
-29 56 2
65 -96 4
49 -36 4
-10 -11 3
36 -43 4
94 64 1
-71 77 2
-51 29 2
-2 -16 3
-90 15 2
85 -35 4
-56 -46 3
-41 25 2
-68 84 2
-11 44 2
-65 32 2
-8 58 2
35 69 1
97 -21 4
-52 -36 3
23 54 1
-79 -60 3
-90 -73 3
90 86 1
34 7 1
62 -38 4
14 -55 4
23 82 1
-74 99 2
-43 70 2
-99 -84 3
38 -60 4
55 15 1
48 -25 4
-7 -98 3
79 -1 4
-14 67 2
-4 -25 3
3 25 1
-36 -6 3
86 21 1
2 94 1
85 82 1
24 8 1
-25 -93 3
-79 67 2
-70 8 2
56 -3 4
-72 -100 3
15 78 1
-86 17 2
1 -92 4
39 -40 4
-85 71 2
3 32 1
54 -89 4
23 -95 4
-1 59 2
22 60 1
-69 74 2
-13 93 2
-70 -9 3
-54 88 2
-93 -24 3
-31 12 2
-40 33 2
-70 -88 3
57 29 1
-31 46 2
15 100 1
-14 -69 3
-36 -60 3
-96 45 2
-4 62 2
-91 26 2
71 81 1
78 -54 4
-5 -40 3
16 4 1
-84 -82 3
-52 98 2
74 85 1
-10 41 2
26 21 1
-10 15 2
-66 76 2
4 46 1
-83 -22 3
74 -30 4
-37 77 2
-77 -86 3
50 -37 4
-54 -22 3
-38 75 2
-55 74 2
94 -3 4
20 3 1
-10 31 2
-64 73 2
-47 -85 3
-33 -58 3
-84 49 2
-51 -26 3
62 -65 4
-21 -94 3
-54 -84 3
31 13 1
41 2 1
21 -7 4
-59 24 2
-57 -66 3
-19 -11 3
3 76 1
-87 -43 3
32 80 1
74 70 1
-14 -38 3
-25 44 2
71 56 1
-84 0 2
-31 -9 3
56 -41 4
-96 -56 3
6 -30 4
-94 -87 3
97 -50 4
-44 81 2
-11 4 2
18 34 1
20 80 1
27 -75 4
12 13 1
-94 66 2
87 -5 4
-55 39 2
-75 96 2
43 53 1
53 -64 4
-18 -10 3
-9 -69 3
-27 3 2
28 -24 4
-50 -89 3
43 -27 4
-49 90 2
-26 30 2
2 -79 4
-59 -34 3
25 14 1
6 -60 4
-85 -61 3
-78 1 2
61 5 1
65 -84 4
-67 -18 3
-18 -2 3
-40 56 2
93 -96 4
20 4 1
-17 -65 3
-97 -29 3
1 -21 4
23 -43 4
23 -30 4
77 5 1
-49 -86 3
33 13 1
9 50 1
-36 -67 3
-70 23 2
-39 -7 3
28 -64 4
-42 21 2
-27 79 2
-99 14 2
72 100 1
-84 -33 3
-51 71 2
-27 41 2
98 99 1
31 55 1
66 -74 4
96 12 1
18 52 1
9 47 1
-37 -24 3
98 -12 4
21 -3 4
-78 64 2
-33 45 2
-44 98 2
74 -48 4
-21 82 2
-65 -93 3
45 -6 4
13 -78 4
-84 -67 3
85 -29 4
-4 -21 3
-71 19 2
5 56 1
-99 33 2
-99 98 2
-13 -8 3
58 8 1
-20 5 2
-40 3 2
5 -12 4
71 -55 4
93 -94 4
-25 -34 3
-90 47 2
98 -55 4
15 59 1
-68 -5 3
51 -22 4
-22 29 2
-63 67 2
42 -74 4
-58 -13 3
-7 46 2
95 -57 4
-16 -29 3
-46 -44 3
-32 32 2
81 56 1
-14 4 2
-82 61 2
-7 -61 3
4 52 1
-59 18 2
-75 36 2
-53 47 2
29 10 1
3 -21 4
62 1 1
88 -78 4
-82 -44 3
30 -40 4
41 -73 4
19 17 1
-28 -23 3
-5 -79 3
-13 14 2
2 64 1
87 81 1
-27 4 2
-84 2 2
68 -92 4
47 -96 4
40 58 1
-98 83 2
-85 55 2
-28 41 2
-78 -36 3
98 -87 4
37 -42 4
10 94 1
23 -76 4
-59 -82 3
-6 -74 3
-18 43 2
63 85 1
-11 -28 3
-68 -38 3
4 66 1
52 -45 4
87 -60 4
-23 -57 3
50 78 1
-14 81 2
84 -80 4
7 -75 4
43 -87 4
58 -7 4
-30 43 2
-83 73 2
-65 15 2
65 13 1
-70 43 2
-69 -26 3
-31 98 2
25 -83 4
75 91 1
-38 28 2
-62 -46 3
-53 -58 3
-32 -79 3
2 -5 4
-89 -53 3
51 23 1
-10 18 2
46 48 1
58 -23 4
61 41 1
14 28 1
-89 10 2
51 -12 4
1 -57 4
-23 12 2
-56 -13 3
73 9 1
-21 3 2
-83 -29 3
27 -60 4
-97 -44 3
-89 10 2
-22 -44 3
-49 -46 3
-94 -8 3
46 61 1
-7 85 2
71 33 1
-27 -75 3
21 11 1
74 -89 4
62 43 1
76 -11 4
8 -47 4
65 -62 4
32 96 1
-58 42 2
-61 -64 3
23 -6 4
-41 -86 3
-96 5 2
-9 49 2
-60 1 2
84 -98 4
22 -50 4
5 -98 4
-72 90 2
-67 -27 3
-99 24 2
85 -89 4
-6 -4 3
-68 -23 3
-61 -71 3
95 62 1
35 28 1
29 -64 4
-48 -55 3
77 46 1
79 22 1
0 -22 4
29 -98 4
-32 -59 3
51 -40 4
-47 -7 3
1 83 1
-36 87 2
-82 -26 3
-35 43 2
-76 -32 3
-27 98 2
-80 89 2
-24 5 2
71 -97 4
-94 41 2
-92 -65 3
-75 89 2
47 52 1
29 -37 4
81 -23 4
-47 -14 3
73 64 1
-60 -60 3
23 -10 4
-69 -32 3
-34 18 2
75 43 1
76 77 1
-54 -32 3
58 84 1
29 -91 4
52 -61 4
77 -100 4
-49 -91 3
51 -24 4
65 -42 4
60 -57 4
87 -71 4
77 -24 4
38 -56 4
-16 32 2
2 51 1
-89 42 2
-88 -88 3
-43 51 2
84 69 1
3 29 1
55 30 1
79 -99 4
49 76 1
8 11 1
-29 -61 3
-92 18 2
50 54 1
-33 99 2
-47 20 2
47 28 1
3 -44 4
-92 -34 3
41 99 1
6 22 1
-83 -77 3
-49 63 2
-26 0 2
69 -47 4
24 73 1
-89 1 2
62 15 1
-47 99 2
7 13 1
-81 -45 3
-80 -97 3
43 -28 4
86 -36 4
-54 37 2
-82 12 2
-32 85 2
-76 -92 3
-95 34 2
-11 52 2
20 -93 4
-46 42 2
-50 -78 3
-12 18 2
-37 16 2
-24 45 2
-68 -86 3
39 74 1
-86 -82 3
20 -25 4
40 10 1
-4 19 2
34 -80 4
26 1 1
-38 -43 3
74 -29 4
99 4 1
11 26 1
10 -90 4
17 -76 4
89 40 1
-62 44 2
-91 0 2
29 90 1
48 -57 4
-11 -90 3
61 7 1
91 18 1
-43 8 2
-76 -5 3
-62 94 2
-35 10 2
77 -23 4
35 -37 4
50 70 1
-17 79 2
70 -66 4
-89 81 2
-50 -35 3
42 30 1
-16 97 2
52 99 1
-48 -98 3
-78 -43 3
34 72 1
-19 46 2
1 97 1
9 -81 4
2 -33 4
-89 70 2
83 -65 4
36 76 1
39 -61 4
-27 -95 3
-7 -2 3
-11 8 2
-79 -2 3
-74 93 2
10 -91 4
-70 -23 3
40 18 1
10 33 1
84 52 1
91 -20 4
-28 26 2
-3 49 2
-87 -54 3
34 63 1
-35 73 2
24 18 1
-95 -25 3
71 12 1
-33 -42 3
-6 -99 3
24 -19 4
-62 -74 3
61 40 1
-92 -87 3
62 84 1
-58 -70 3
61 -19 4
-56 -10 3
-40 18 2
12 42 1
-25 -84 3
-21 31 2
-22 53 2
-52 27 2
27 -33 4
-18 75 2
-70 21 2
65 -56 4
30 61 1
32 2 1
99 91 1
-22 -100 3
-76 -34 3
89 -20 4
85 -27 4
53 42 1
34 31 1
76 93 1
-24 -32 3
-18 -72 3
37 -79 4
22 2 1
-52 -93 3
80 74 1
-90 -26 3
-68 4 2
65 86 1
42 97 1
42 -34 4
-81 -82 3
30 38 1
100 -100 4
-51 -85 3
73 61 1
-18 -28 3
68 -81 4
70 39 1
-29 67 2
11 -57 4
54 -59 4
31 -90 4
-83 -46 3
41 86 1
22 30 1
-51 -64 3
-81 -64 3
-57 61 2
-97 -53 3
-22 -34 3
88 39 1
-49 -16 3
13 23 1
-78 28 2
60 -83 4
-56 67 2
81 67 1
98 -80 4
30 -73 4
88 -51 4
13 -19 4
6 93 1
-58 -85 3
-35 -49 3
6 -18 4
65 29 1
76 -90 4
-74 -24 3
-63 23 2
26 26 1
63 -9 4
-15 64 2
-3 -84 3
-68 5 2
-92 97 2
-51 -41 3
71 -76 4
3 97 1
-50 -71 3
30 91 1
100 -98 4
79 -94 4
10 54 1
62 49 1
-67 -26 3
94 -66 4
22 40 1
24 60 1
-49 -89 3
4 67 1
72 65 1
-68 10 2
81 -4 4
47 70 1
-47 73 2
-72 -91 3
6 21 1
-93 84 2
64 -13 4
48 -38 4
-37 66 2
34 13 1
-48 -79 3
4 -1 4
73 24 1
82 -90 4
-90 72 2
60 98 1
-70 12 2
-85 92 2
-28 57 2
69 79 1
85 -34 4
96 -21 4
80 62 1
66 90 1
-13 -30 3
53 -91 4
-77 76 2
28 35 1
17 33 1
-25 -5 3
-91 -12 3
-67 67 2
-92 -36 3
1 48 1
-12 -91 3
-93 89 2
-96 20 2
56 28 1
38 -70 4
98 -82 4
-25 64 2
50 -74 4
26 -25 4
-66 91 2
-70 100 2
-42 -15 3
-86 96 2
73 11 1
77 59 1
91 74 1
-93 -56 3
-41 -34 3
31 11 1
91 -2 4
-24 -21 3
68 31 1
18 92 1
-15 4 2
23 -89 4
9 38 1
71 -39 4
-63 -52 3
88 -27 4
79 100 1
91 -85 4
97 -20 4
-37 58 2
14 -57 4
33 51 1
12 90 1
88 -49 4
24 -8 4
24 57 1
55 39 1
38 99 1
-3 -10 3
-45 33 2
6 77 1
-54 93 2
-11 59 2
74 8 1
82 39 1
59 68 1
-24 38 2
54 59 1
-96 68 2
25 49 1
-54 -18 3
-50 -12 3
32 41 1
-27 -29 3
-5 -40 3
98 68 1
20 53 1
-19 -73 3
78 88 1
48 -51 4
32 17 1
7 94 1
97 57 1
80 -56 4
80 -38 4
-2 -52 3
-10 62 2
-37 -7 3
64 78 1
-65 32 2
-51 9 2
-20 -88 3
-66 8 2
-70 -88 3
-18 20 2
-82 -43 3
-89 -52 3
-32 70 2
67 33 1
4 20 1
-50 -53 3
11 -49 4
-95 10 2
-39 43 2
32 47 1
12 59 1
40 -21 4
88 22 1
-33 62 2
63 -41 4
-29 32 2
81 25 1
-30 20 2
76 -52 4
-61 33 2
18 -99 4
-73 23 2
-57 -4 3
-45 64 2
-72 -20 3
-30 54 2
96 2 1
-2 45 2
-52 -74 3
-89 -99 3
59 -84 4
19 -52 4
23 67 1
-16 -21 3
-31 69 2
-62 18 2
82 -61 4
29 -55 4
-58 25 2
-43 -55 3
32 33 1
81 -70 4
-56 -54 3
-83 -98 3
14 -83 4
-46 -12 3
-52 56 2
-49 -50 3
-19 14 2
66 -2 4
1 -40 4
-57 -8 3
80 16 1
-90 74 2
-53 64 2
86 84 1
52 -29 4
-47 7 2
-47 -20 3
96 -22 4
42 26 1
33 88 1
-69 42 2
98 53 1
94 77 1
-40 -23 3
-73 -40 3
-79 25 2
-1 -41 3
-59 -19 3
-82 63 2
-24 -83 3
40 -5 4
-2 18 2
36 69 1
14 -81 4
11 -69 4
-63 -31 3
45 93 1
-24 96 2
86 40 1
78 -51 4
32 15 1
-99 -93 3
-11 82 2
-63 92 2
-13 -61 3
-96 3 2
51 -68 4
16 33 1
9 89 1
10 -9 4
-92 23 2
38 -98 4
5 -40 4
45 -10 4
-18 81 2
36 75 1
-59 66 2
79 30 1
2 -28 4
5 -74 4
-15 95 2
-10 -9 3
33 -38 4
37 67 1
11 -2 4
-57 -92 3
22 66 1
62 -1 4
-14 77 2
0 53 1
27 86 1
-62 54 2
5 -89 4
-7 53 2
-83 -99 3
-84 28 2
-1 -98 3
-16 -18 3
-83 -1 3
-66 59 2
30 19 1
19 -82 4
76 -64 4
-98 -18 3
68 -84 4
-6 83 2
-94 -22 3
-63 61 2
42 21 1
-41 93 2
73 37 1
53 -3 4
51 45 1
57 -27 4
-4 47 2
58 -30 4
80 -18 4
66 22 1
-45 51 2
40 38 1
67 62 1
-32 -70 3
68 -68 4
-4 -78 3
22 -19 4
-71 72 2
-22 -58 3
-62 40 2
-67 -14 3
-14 -96 3
-1 -60 3
8 -56 4
15 73 1
53 36 1
-49 62 2
-60 42 2
22 46 1
38 -44 4
-5 37 2
-18 -46 3
-48 -27 3
1 -67 4
-3 64 2
6 58 1
-57 70 2
95 55 1
-33 -37 3
100 75 1
32 -26 4
-26 -36 3
55 100 1
-30 19 2
-6 -20 3
59 -49 4
-84 -15 3
10 -9 4
-40 65 2
-29 68 2
-7 69 2
-73 55 2
75 -47 4
73 65 1
2 -69 4
-67 -92 3
-14 72 2
18 48 1
68 -67 4
-9 84 2
-79 81 2
47 -81 4
42 44 1
44 -6 4
-76 -32 3
-75 74 2
-44 38 2
92 34 1
99 -74 4
-15 36 2
-90 37 2
17 -70 4
2 -7 4
-84 -70 3
72 53 1
15 78 1
17 -89 4
56 -64 4
30 -38 4
-10 -19 3
-53 -10 3
-45 14 2
-46 -66 3
-28 -69 3
41 0 1
14 -12 4
-29 19 2
13 -7 4
71 -79 4
-33 67 2
-25 -59 3
-43 22 2
-62 67 2
79 63 1
60 33 1
-41 45 2
67 -22 4
69 98 1
47 -91 4
-56 29 2
79 79 1
-17 -1 3
-99 -5 3
66 -85 4
-41 -49 3
93 3 1
62 -99 4
47 -63 4
22 -23 4
-91 -45 3
-34 19 2
-94 48 2
2 -34 4
80 55 1
-32 58 2
-25 68 2
9 96 1
47 74 1
-80 27 2
-56 -86 3
4 6 1
30 10 1
-28 37 2
-80 29 2
52 -3 4
65 56 1
41 -76 4
-87 75 2
-24 -76 3
23 -57 4
34 -27 4
-35 5 2
76 -84 4
-45 67 2
50 86 1
75 -94 4
-50 -75 3
68 8 1
-9 -15 3
78 -92 4
-80 -76 3
-18 90 2
-78 30 2
18 -54 4
57 68 1
58 -88 4
84 12 1
-83 74 2
91 -71 4
47 13 1
-5 -35 3
-3 -52 3
-23 70 2
79 34 1
-43 99 2
-49 87 2
-57 7 2
18 -9 4
-95 32 2
58 -40 4
-70 32 2
1 57 1
21 -62 4
12 70 1
-49 44 2
-59 56 2
-91 17 2
83 -59 4
-100 16 2
45 87 1
92 20 1
48 -17 4
-55 70 2
92 48 1
-39 -20 3
30 -53 4
-53 -76 3
23 -30 4
10 93 1
13 87 1
-64 -23 3
86 -39 4
38 70 1
80 27 1
97 28 1
12 -26 4
20 -76 4
67 -41 4
38 -50 4
8 57 1
-51 -84 3
-6 8 2
-95 51 2
6 12 1
45 -25 4
-26 84 2
-88 20 2
62 54 1
-83 -50 3
-97 27 2
5 -80 4
-85 0 2
31 -5 4
-55 -32 3
-51 72 2
-71 32 2
-46 82 2
-19 -68 3
8 2 1
-17 65 2
1 66 1
84 4 1
10 78 1
-80 -84 3
40 24 1
85 -17 4
52 -41 4
-4 -24 3
68 94 1
-88 43 2
-79 95 2
91 -68 4
-28 -93 3
-48 24 2
27 -64 4
-96 44 2
-2 -44 3
-41 8 2
26 45 1
2 80 1
71 33 1
95 71 1
-80 -60 3
99 -99 4
93 94 1
4 -20 4
-70 -11 3
43 78 1
24 -5 4
50 -89 4
7 21 1
-5 -96 3
-39 28 2
-44 -42 3
7 -34 4
30 -13 4
7 24 1
6 21 1
-53 77 2
-16 -49 3
-51 -54 3
78 75 1
-97 29 2
81 85 1
32 -93 4
34 -2 4
41 -25 4
98 -24 4
-16 17 2
14 -57 4
82 -75 4
-43 -13 3
-13 -14 3
-4 -54 3
-52 51 2
18 31 1
39 -32 4
-23 77 2
-36 59 2
55 19 1
-5 -72 3
67 23 1
-82 24 2
-48 -15 3
-12 65 2
-6 -4 3
-22 -58 3
-46 -12 3
-25 92 2
97 10 1
62 9 1
95 -54 4
-75 -34 3
89 49 1
-41 -86 3
22 56 1
25 -31 4
-63 60 2
11 95 1
-54 1 2
8 -98 4
5 -10 4
54 64 1
-24 41 2
-94 -3 3
-36 40 2
-11 16 2
-26 89 2
92 20 1
6 52 1
24 -97 4
76 -41 4
-21 8 2
72 -57 4
87 -43 4
27 -96 4
42 -65 4
-21 -49 3
-72 -92 3
-51 71 2
74 -3 4
43 65 1
-68 86 2
-30 -11 3
26 -72 4
-85 57 2
-33 0 2
-3 -89 3
-14 -87 3
81 -49 4
31 -42 4
75 -67 4
49 -10 4
96 -66 4
48 -22 4
52 86 1
52 69 1
78 28 1
-86 13 2
-53 -93 3
-88 80 2
-55 -33 3
-84 -91 3
7 -39 4
12 67 1
92 -10 4
-47 95 2
-51 -54 3
67 5 1
-61 -18 3
74 -89 4
91 -54 4
-17 78 2
60 -39 4
22 9 1
37 53 1
-81 100 2
-44 -16 3
69 30 1
73 6 1
-45 11 2
96 70 1
-94 6 2
-43 -50 3
-81 -23 3
-32 34 2
-16 -87 3
100 -75 4
-48 19 2
-9 23 2
3 65 1
-55 4 2
-87 -23 3
45 41 1
-55 -94 3
91 -5 4
92 -34 4
61 23 1
50 -66 4
-59 23 2
-58 -90 3
40 19 1
-33 -84 3
-98 -55 3
29 -68 4
49 73 1
52 -42 4
42 -64 4
-10 -5 3
-72 -9 3
-45 43 2
-5 -95 3
47 89 1
31 -54 4
-4 -7 3
76 7 1
75 18 1
-12 -58 3
98 62 1
16 22 1
19 14 1
30 56 1
99 15 1
-39 1 2
-45 -77 3
64 22 1
-36 18 2
71 5 1
-57 8 2
70 4 1
-56 -89 3
-64 76 2
-100 -19 3
87 -49 4
-13 1 2
-92 78 2
84 96 1
-12 -33 3
-25 -38 3
-72 -42 3
8 -53 4
65 74 1
-62 -15 3
-10 84 2
97 70 1
-49 46 2
-9 25 2
20 71 1
54 30 1
-20 -48 3
93 80 1
42 -70 4
-47 47 2
-80 60 2
17 -17 4
33 14 1
-49 51 2
-19 -6 3
-53 -19 3
-42 80 2
56 9 1
18 -98 4
31 79 1
-24 -37 3
-18 -29 3
-8 -65 3
-5 5 2
3 -48 4
-1 -2 3
-69 66 2
5 33 1
15 28 1
-32 -57 3
-82 -59 3
-7 18 2
-54 49 2
-28 -75 3
-88 2 2
-54 33 2
25 -7 4
22 48 1
1 -30 4
73 92 1
62 91 1
90 26 1
-18 15 2
-84 67 2
7 73 1
69 15 1
-93 -76 3
-56 -76 3
66 -12 4
57 59 1
-38 17 2
47 89 1
9 39 1
68 70 1
-46 89 2
65 81 1
-16 -81 3
52 76 1
-79 -1 3
-20 -4 3
-44 -66 3
-4 -61 3
-85 49 2
1 76 1
-92 -92 3
-86 -75 3
6 16 1
-33 -10 3
-69 32 2
-100 35 2
8 -10 4
-92 39 2
16 -87 4
28 -17 4
-94 39 2
-85 -24 3
-83 64 2
-89 -99 3
90 -6 4
-86 -13 3
74 54 1
-68 65 2
-95 87 2
33 38 1
-51 44 2
85 -67 4
-58 14 2
49 -60 4
-37 -96 3
43 76 1
78 44 1
-71 -90 3
51 27 1
85 1 1
30 -20 4
80 52 1
-71 -7 3
71 41 1
100 7 1
6 -16 4
-26 70 2
-1 -95 3
-38 6 2
34 -94 4
54 -24 4
15 -56 4
-53 -57 3
-13 -26 3
-56 -96 3
-24 10 2
-45 66 2
-93 -31 3
-20 -95 3
97 17 1
96 78 1
-19 -51 3
-67 4 2
-48 -61 3
-13 -67 3
-4 -88 3
-20 -23 3
12 -60 4
-30 -1 3
-7 79 2
80 55 1
-35 49 2
51 90 1
100 -23 4
99 61 1
-92 66 2
-6 -73 3
79 -76 4
-32 22 2
-29 45 2
-12 58 2
-47 -25 3
98 -29 4
12 33 1
100 -92 4
89 36 1
-22 -89 3
-7 -13 3
100 -76 4
-63 20 2
84 -56 4
59 -26 4
-81 -91 3
98 75 1
49 -24 4
84 35 1
21 96 1
-15 -64 3
92 96 1
4 -79 4
-30 15 2
-71 55 2
20 90 1
-96 -64 3
65 -59 4
85 -17 4
51 -15 4
74 -87 4
60 -76 4
13 0 1
54 27 1
-63 -46 3
-69 21 2
-85 -83 3
74 85 1
65 -19 4
-30 -31 3
43 -80 4
-100 68 2
76 -28 4
76 -99 4
49 -42 4
-52 -31 3
-27 -83 3
-78 91 2
-70 -21 3
-61 -32 3
81 -55 4
-22 -87 3
40 -11 4
97 -36 4
97 -8 4
-92 -32 3
19 44 1
80 -34 4
-98 24 2
98 -17 4
89 56 1
-10 -3 3
-57 -34 3
30 -99 4
-76 -91 3
26 8 1
-7 61 2
-63 -8 3
100 -66 4
-16 48 2
17 60 1
-62 -16 3
31 95 1
15 65 1
-6 -80 3
-24 -57 3
23 90 1
-9 -2 3
-97 -5 3
36 20 1
-75 51 2
-21 20 2
-92 20 2
13 -22 4
-48 -85 3
-90 61 2
6 13 1
7 -3 4
43 90 1
59 65 1
-63 -39 3
-33 93 2
92 -100 4
-92 19 2
70 -88 4
66 68 1
-90 -79 3
68 -63 4
-13 83 2
-46 40 2
-40 -52 3
48 34 1
-80 -53 3
90 53 1
-91 -96 3
-9 -20 3
-3 16 2
-89 88 2
69 -23 4
-64 89 2
-55 -24 3
-8 -69 3
44 28 1
-42 -96 3
-10 -66 3
-56 -48 3
-52 -50 3
-25 75 2
-38 -49 3
59 75 1
75 -96 4
90 50 1
3 -93 4
75 25 1
-6 49 2
78 -74 4
-36 24 2
43 92 1
80 66 1
65 -76 4
-51 -18 3
-61 -68 3
-52 -45 3
-91 -100 3
35 -19 4
45 -15 4
11 5 1
16 -19 4
95 -2 4
-6 -13 3
-34 66 2
80 85 1
-39 24 2
-75 -6 3
71 -8 4
-51 -52 3
-90 -25 3
11 -62 4
-11 96 2
-67 -14 3
-39 -42 3
53 -24 4
-22 -29 3
-16 -27 3
-37 28 2
-41 84 2
-6 29 2
48 58 1
51 57 1
100 -95 4
59 -99 4
-48 -59 3
83 -35 4
58 -21 4
-93 41 2
-86 -48 3
22 66 1
-78 51 2
-14 44 2
71 -45 4
-63 68 2
19 91 1
36 42 1
11 96 1
-25 -87 3
-9 -58 3
33 96 1
82 -22 4
5 -21 4
55 -56 4
-65 9 2
-15 53 2
-43 -7 3
-81 28 2
16 73 1
-49 87 2
72 -24 4
-23 -78 3
-23 -58 3
-81 -64 3
68 56 1
27 -32 4
14 42 1
-25 41 2
-35 77 2
34 53 1
47 -91 4
-81 7 2
45 24 1
19 -7 4
91 45 1
47 71 1
-84 59 2
60 -5 4
-58 -14 3
68 -33 4
-59 29 2
40 -5 4
-49 -74 3
92 -9 4
34 -82 4
-90 -22 3
97 12 1
-77 11 2
-28 61 2
-13 -66 3
-44 -39 3
-85 82 2
-22 -85 3
36 38 1
-39 88 2
-6 97 2
60 95 1
98 -99 4
-10 21 2
27 71 1
27 -11 4
-5 -93 3
-11 74 2
-30 -89 3
-16 78 2
-48 -49 3
-81 88 2
-50 -15 3
-70 -79 3
-6 -64 3
-3 69 2
34 0 1
48 -50 4
96 -75 4
-54 -70 3
-86 1 2
55 -6 4
16 14 1
7 21 1
-30 60 2
-52 97 2
-75 -12 3
39 -67 4
29 27 1
1 75 1
-20 92 2
-15 -50 3
93 -9 4
-19 43 2
-51 32 2
-44 -59 3
54 35 1
4 77 1
-16 -83 3
46 -80 4
48 7 1
0 -18 4
-48 20 2
11 1 1
-23 3 2
-84 -25 3
95 23 1
-74 26 2
70 96 1
-77 49 2
-9 -21 3
-38 27 2
60 -69 4
-38 -78 3
-8 -95 3
97 68 1
-56 -65 3
48 81 1
83 87 1
-11 -71 3
-49 15 2
55 -12 4
-62 21 2
-34 -70 3
46 -34 4
85 27 1
93 39 1
89 -45 4
11 45 1
-77 81 2
32 -31 4
12 -17 4
1 -8 4
-44 -66 3
49 63 1
63 92 1
-73 31 2
-49 -42 3
9 16 1
24 -97 4
24 65 1
10 84 1
-98 0 2
87 -79 4
3 87 1
28 94 1
21 97 1
-83 -43 3
-86 -30 3
-67 -63 3
-41 53 2
32 -56 4
27 53 1
95 -25 4
-78 -31 3
-7 -3 3
39 80 1
-93 -75 3
73 1 1
71 -47 4
64 72 1
-82 99 2
76 95 1
-10 47 2
-80 43 2
-97 20 2
-40 14 2
74 68 1
72 -26 4
-42 -55 3
86 90 1
94 -58 4
59 -40 4
32 7 1
-68 34 2
69 -80 4
3 -53 4
-12 -59 3
14 -62 4
-91 -41 3
32 33 1
-49 -37 3
69 54 1
-46 -48 3
-91 19 2
98 71 1
94 78 1
72 -56 4
-90 -9 3
-58 15 2
-57 43 2
11 51 1
-62 5 2
-15 69 2
-20 78 2
-49 18 2
70 -71 4
-76 55 2
74 19 1
98 35 1
79 23 1
-25 17 2
-52 -40 3
-100 94 2
54 84 1
56 100 1
71 -63 4
-91 86 2
-15 -94 3
-73 -36 3
17 67 1
42 -70 4
39 96 1
27 54 1
-48 64 2
-16 -96 3
-84 64 2
89 -23 4
-66 -52 3
1 33 1
59 79 1
-29 70 2
61 70 1
64 -94 4
31 -62 4
19 98 1
30 -93 4
-13 -72 3
-34 -62 3
100 -69 4
80 14 1
10 47 1
99 -90 4
-64 -47 3
58 -22 4
-76 12 2
-91 -66 3
-97 85 2
-90 57 2
38 -41 4
78 3 1
58 -92 4
-94 91 2
-60 79 2
-27 24 2
-2 -87 3
-4 -44 3
44 -34 4
90 -32 4
-82 66 2
75 -29 4
92 -90 4
-17 -9 3
57 -92 4
19 -5 4
56 41 1
-47 -15 3
36 65 1
75 84 1
45 95 1
-65 31 2
23 -6 4
-43 76 2
16 -80 4
-75 -26 3
-66 -27 3
-71 -77 3
49 -36 4
63 3 1
-68 -71 3
68 -88 4
70 -25 4
88 -32 4
-81 50 2
41 30 1
-94 9 2
-27 71 2
12 -5 4
-62 67 2
-5 -22 3
59 86 1
-83 -71 3
65 -84 4
16 -87 4
-81 -91 3
-92 52 2
7 -23 4
-35 -46 3
12 -32 4
-41 12 2
-78 -20 3
-3 13 2
-59 37 2
77 6 1
66 70 1
48 -69 4
67 7 1
69 -14 4
-21 49 2
92 -19 4
-49 92 2
1 -57 4
45 66 1
-94 -15 3
53 44 1
-14 -18 3
70 15 1
94 -47 4
-27 -72 3
70 -34 4
-85 -72 3
-26 51 2
-86 16 2
-60 -85 3
1 -1 4
-21 -72 3
41 24 1
76 78 1
53 54 1
-73 20 2
-66 54 2
85 78 1
27 24 1
-29 -28 3
21 -15 4
-44 10 2
-30 49 2
-90 -89 3
49 -47 4
12 98 1
10 -84 4
74 -47 4
49 -27 4
56 -10 4
3 0 1
92 -62 4
73 -86 4
22 6 1
16 73 1
-94 -14 3
59 7 1
95 -2 4
10 17 1
-68 -65 3
75 -11 4
-80 19 2
55 58 1
-100 10 2
-7 -38 3
-11 94 2
50 -75 4
-69 25 2
13 -34 4
-92 11 2
-79 -79 3
75 -31 4
-20 96 2
-49 48 2
-58 -15 3
70 10 1
92 13 1
81 -23 4
69 72 1
29 50 1
-91 -88 3
95 -38 4
11 18 1
78 -86 4
3 50 1
-58 35 2
-27 -78 3
64 58 1
-80 37 2
0 -57 4
-12 -45 3
-20 65 2
-8 -39 3
14 -15 4
-7 -87 3
90 -93 4
2 -97 4
-8 -83 3
-82 40 2
64 8 1
-98 -88 3
-9 75 2
-35 -43 3
55 -32 4
7 34 1
17 46 1
-32 -14 3
27 1 1
-10 -22 3
-83 -35 3
75 -7 4
4 -54 4
50 -80 4
23 30 1
3 -83 4
-56 85 2
85 23 1
-69 66 2
44 8 1
49 -45 4
31 6 1
58 -39 4
-72 -87 3
93 45 1
-58 -42 3
13 6 1
-83 -84 3
-23 -77 3
6 53 1
-70 -14 3
40 51 1
-85 92 2
86 -13 4
73 -7 4
46 70 1
-33 -21 3
-18 51 2
-16 -90 3
85 3 1
93 12 1
-10 60 2
-92 34 2
-28 -19 3
64 -57 4
-86 -18 3
-6 -51 3
47 -56 4
-18 5 2
0 -65 4
16 -93 4
51 90 1
83 51 1
18 13 1
56 59 1
-97 48 2
76 75 1
-25 -39 3
7 -55 4
90 45 1
16 -22 4
-42 100 2
73 -67 4
13 -23 4
53 -16 4
3 84 1
21 1 1
-18 -47 3
64 -83 4
8 -70 4
-36 -1 3
-5 17 2
66 96 1
-24 -70 3
87 100 1
-68 -70 3
10 -83 4
-93 -53 3
24 -78 4
-60 -95 3
-82 85 2
81 -38 4
36 7 1
-65 46 2
-33 4 2
38 35 1
-85 -24 3
28 50 1
-27 20 2
-79 100 2
31 8 1
-15 -83 3
1 5 1
-4 55 2
-11 34 2
33 -14 4
4 58 1
36 62 1
-100 -40 3
71 94 1
61 11 1
55 -90 4
60 -47 4
-11 -33 3
24 33 1
-78 -65 3
-40 88 2
27 -56 4
76 -53 4
-6 20 2
-5 23 2
-69 38 2
-86 83 2
95 -37 4
-35 -12 3
27 77 1
11 42 1
-38 -4 3
75 75 1
-62 60 2
33 89 1
94 70 1
-80 88 2
-72 -36 3
-95 80 2
25 46 1
-79 -73 3
-36 38 2
55 32 1
62 -79 4
-89 -65 3
-95 -80 3
-29 -100 3
-91 -97 3
-15 66 2
-78 -95 3
-17 3 2
57 28 1
-81 74 2
30 97 1
-84 -82 3
61 27 1
-96 99 2
-3 69 2
96 -61 4
-29 -11 3
-94 68 2
-22 -98 3
-18 42 2
-11 -63 3
-5 34 2
45 75 1
-82 27 2
97 -34 4
19 -66 4
-94 89 2
53 -78 4
-10 76 2
11 1 1
20 -11 4
22 48 1
-69 92 2
-23 84 2
69 70 1
-76 30 2
32 -94 4
-88 22 2
6 10 1
-35 -57 3
99 -81 4
-91 39 2
91 54 1
-4 -45 3
-28 -56 3
19 -19 4
40 63 1
4 95 1
-83 -3 3
100 83 1
-99 -96 3
-38 8 2
-29 -81 3
-30 -81 3
-10 -18 3
35 -80 4
4 -93 4
-12 44 2
13 49 1
-81 -42 3
60 10 1
-6 2 2
-54 -70 3
19 -13 4
-81 -45 3
-72 19 2
13 -32 4
-73 3 2
46 -51 4
-7 -19 3
87 61 1
34 -47 4
74 85 1
51 -38 4
13 -80 4
-41 -45 3
73 -5 4
44 74 1
14 34 1
-8 -62 3
19 -39 4
66 -33 4
71 -40 4
-48 -54 3
-66 91 2
-22 -60 3
-83 74 2
-42 15 2
-49 76 2
47 -66 4
28 93 1
55 -28 4
93 86 1
-62 -16 3
-44 23 2
89 32 1
43 -87 4
37 -19 4
69 59 1
48 -27 4
-9 60 2
94 -58 4
-11 67 2
38 61 1
78 -33 4
-16 -69 3
96 57 1
-82 74 2
-8 89 2
-66 27 2
3 -27 4
-99 -66 3
66 46 1
4 21 1
68 -3 4
16 -95 4
-65 23 2
81 92 1
79 -33 4
32 -60 4
-70 -37 3
63 -17 4
32 22 1
85 -31 4
-68 -98 3
-65 39 2
80 98 1
-94 -82 3
87 -48 4
-78 40 2
-39 89 2
-69 2 2
86 -51 4
67 83 1
-36 -100 3
-13 18 2
62 -55 4
11 -32 4
-48 -95 3
69 -20 4
-8 -31 3
-23 -55 3
-78 8 2
-78 91 2
28 -87 4
-31 -57 3
86 -83 4
-37 83 2
-56 -93 3
45 -70 4
-72 37 2
-62 59 2
74 52 1
-81 1 2
89 95 1
-33 58 2
45 -23 4
-72 -73 3
33 41 1
60 74 1
-92 -12 3
12 30 1
-11 -52 3
24 -99 4
87 84 1
41 -52 4
93 37 1
55 -8 4
79 -78 4
92 -65 4
-31 12 2
29 -95 4
-29 -78 3
28 -96 4
-58 -63 3
-81 -26 3
-73 -17 3
28 -48 4
-45 37 2
51 -53 4
-77 -34 3
89 46 1
55 74 1
-92 -7 3
-1 24 2
-75 80 2
90 -11 4
-60 -74 3
-9 13 2
-48 17 2
51 57 1
37 34 1
-64 -48 3
-14 70 2
-44 -20 3
16 -86 4
-11 73 2
0 57 1
0 -75 4
-97 -96 3
13 15 1
-57 -79 3
-58 -33 3
-96 35 2
82 86 1
41 72 1
59 -42 4
26 -55 4
-84 62 2
-84 -97 3
-45 77 2
-17 -45 3
-26 30 2
-22 -68 3
18 11 1
2 -67 4
-38 -74 3
40 -3 4
9 -37 4
-86 -31 3
-56 83 2
14 17 1
-20 -12 3
-25 -89 3
-41 43 2
-54 26 2
90 43 1
-70 91 2
14 37 1
89 53 1
56 48 1
-6 -1 3
-99 -68 3
-98 -30 3
53 -81 4
-86 68 2
16 -22 4
7 76 1
73 -99 4
69 -68 4
70 10 1
5 32 1
57 68 1
-61 68 2
-6 -77 3
-8 -47 3
79 -26 4
-30 -50 3
76 -57 4
10 -79 4
-95 81 2
71 -91 4
25 79 1
-78 25 2
-97 23 2
-48 70 2
-28 -75 3
41 -93 4
-74 21 2
28 -40 4
68 -49 4
-4 17 2
-3 -92 3
100 -32 4
17 1 1
80 60 1
-39 30 2
-87 98 2
-24 -93 3
-66 6 2
-31 8 2
-76 -66 3
18 24 1
5 -37 4
86 -28 4
-94 -41 3
-83 30 2
90 -25 4
2 -52 4
47 -67 4
-25 -19 3
25 48 1
-41 54 2
33 -44 4
-42 5 2
33 71 1
78 78 1
83 -58 4
-53 71 2
7 32 1
76 87 1
17 -25 4
53 2 1
73 41 1
50 -54 4
84 41 1
19 -30 4
-34 86 2
5 35 1
71 18 1
-77 75 2
-55 23 2
-73 -78 3
3 13 1
74 -78 4
-59 -40 3
-50 11 2
-1 55 2
-89 83 2
-13 -56 3
-66 82 2
-65 -37 3
97 -67 4
-40 -16 3
-85 -25 3
-4 93 2
-78 61 2
-9 45 2
57 -33 4
1 -88 4
65 4 1
26 -87 4
22 32 1
20 -43 4
-37 35 2
-8 47 2
76 -47 4
-28 -58 3
32 83 1
-75 -54 3
67 -50 4
-36 86 2
30 45 1
-24 -5 3
-61 -34 3
-22 -51 3
43 38 1
-65 -2 3
-39 -96 3
-32 -3 3
-91 -52 3
19 57 1
90 60 1
85 39 1
-79 90 2
98 -90 4
-47 -39 3
-91 84 2
85 -15 4
-67 77 2
-1 82 2
-78 -18 3
90 -57 4
-52 76 2
-47 94 2
8 15 1
-47 61 2
-62 -3 3
56 26 1
53 -96 4
-74 80 2
-36 27 2
-22 -81 3
89 98 1
6 52 1
45 -30 4
31 -36 4
68 -55 4
-25 88 2
7 -40 4
97 93 1
-79 -74 3
-93 -100 3
74 31 1
94 -44 4
94 -87 4
7 24 1
-78 -23 3
-56 -79 3
-69 70 2
-53 -86 3
85 -9 4
15 -20 4
-19 98 2
62 -18 4
-30 36 2
16 57 1
21 94 1
96 -62 4
-35 -18 3
4 86 1
53 -49 4
7 41 1
-19 -74 3
97 -98 4
26 -28 4
89 62 1
92 -14 4
-64 -96 3
27 70 1
34 39 1
-30 -66 3
84 78 1
-84 -22 3
-78 -75 3
59 58 1
-97 100 2
39 -84 4
82 -24 4
54 -18 4
-15 8 2
-44 -49 3
89 35 1
67 24 1
38 87 1
-76 15 2
-19 -8 3
18 37 1
-11 38 2
-11 22 2
6 98 1
47 96 1
84 87 1
69 63 1
78 95 1
-85 -41 3
-53 -15 3
14 -4 4
57 26 1
-30 16 2
43 -42 4
-95 81 2
-14 89 2
64 -84 4
-51 70 2
51 78 1
-31 -18 3
-52 -86 3
75 65 1
-79 44 2
12 40 1
8 75 1
-70 -88 3
-14 57 2
-25 -17 3
36 -53 4
-82 -83 3
54 -30 4
62 1 1
-41 -17 3
-8 51 2
-43 -14 3
46 -52 4
59 65 1
-50 40 2
31 -57 4
100 63 1
-6 -79 3
29 -75 4
-77 -27 3
17 4 1
70 -14 4
92 -100 4
90 -95 4
91 11 1
1 -4 4
-28 -85 3
-21 0 2
60 -92 4
11 -67 4
16 84 1
-44 70 2
65 -61 4
-82 -77 3
-26 16 2
24 -64 4
-46 -78 3
-8 -31 3
-90 -30 3
78 64 1
-3 82 2
60 -36 4
-26 -81 3
70 -20 4
-12 -81 3
20 -52 4
-43 54 2
-86 -10 3
-62 37 2
-5 29 2
-47 7 2
-60 -21 3
-56 35 2
23 -77 4
26 38 1
-82 -21 3
-47 -83 3
34 -59 4
-92 24 2
81 -98 4
63 67 1
49 53 1
13 69 1
41 -40 4
58 -51 4
-56 -21 3
57 -4 4
68 -60 4
67 0 1
-82 70 2
-5 77 2
-42 3 2
-34 94 2
53 -20 4
-65 -54 3
-21 78 2
-38 44 2
51 83 1
12 -84 4
82 59 1
-29 80 2
89 -79 4
4 83 1
28 -36 4
-89 6 2
86 96 1
31 -41 4
15 7 1
59 -99 4
-81 -21 3
-70 64 2
87 -23 4
-62 -83 3
-93 39 2
0 -87 4
79 75 1
-58 -80 3
-36 46 2
72 -50 4
-68 18 2
92 100 1
-44 80 2
27 69 1
-80 -84 3
90 -22 4
-51 14 2
73 31 1
41 79 1
-16 100 2
-8 -42 3
9 -21 4
-1 70 2
0 65 1
-41 -69 3
40 -24 4
57 3 1
-100 -82 3
-81 -11 3
78 -28 4
-87 -62 3
-81 51 2
86 62 1
26 -11 4
35 -10 4
-30 -71 3
-84 61 2
-73 -20 3
22 18 1
98 -76 4
38 89 1
18 40 1
67 -30 4
55 70 1
24 56 1
42 -8 4
-5 -17 3
35 62 1
-71 31 2
29 -4 4
-35 -93 3
-33 -84 3
48 -29 4
-17 86 2
81 -11 4
-43 -5 3
6 -35 4
-34 76 2
76 -87 4
-60 77 2
-15 -24 3
35 89 1
-77 21 2
-85 -97 3
-97 76 2
-24 55 2
-33 -75 3
44 1 1
71 7 1
32 42 1
-73 -76 3
33 -82 4
-22 -33 3
-80 -25 3
12 73 1
94 60 1
-60 22 2
-7 28 2
70 12 1
-74 9 2
-33 -52 3
10 53 1
-23 -76 3
44 -3 4
-76 21 2
37 11 1
-68 94 2
-87 -28 3
4 89 1
-7 -10 3
22 -56 4
2 -78 4
-90 -31 3
3 -83 4
-37 -19 3
-73 -18 3
68 80 1
86 55 1
14 -23 4
24 26 1
8 11 1
-65 -28 3
47 -78 4
-86 -54 3
-73 83 2
-54 -93 3
71 -47 4
67 -36 4
-93 6 2
-20 49 2
25 81 1
44 89 1
-36 56 2
-34 48 2
-82 13 2
-20 -47 3
-12 34 2
-96 82 2
-38 -11 3
-86 -73 3
31 7 1
32 85 1
98 -54 4
-50 54 2
99 -38 4
7 -74 4
53 57 1
-50 53 2
12 -14 4
-67 98 2
-11 32 2
46 4 1
48 -61 4
49 73 1
0 21 1
77 -3 4
-42 -68 3
-53 30 2
35 -8 4
90 -18 4
92 -72 4
-84 11 2
96 43 1
-23 45 2
0 -60 4
30 52 1
-71 -59 3
-75 -72 3
61 81 1
33 -80 4
-100 93 2
31 68 1
87 -18 4
-94 64 2
82 -77 4
54 84 1
-71 79 2
-69 -27 3
-79 61 2
58 -23 4
-58 59 2
40 39 1
-69 -65 3
-67 -41 3
-51 -11 3
-52 -19 3
-87 -100 3
-82 -89 3
-52 -76 3
73 43 1
57 61 1
-5 -84 3
-31 55 2
54 55 1
2 79 1
20 -40 4
-75 25 2
38 -15 4
-9 -1 3
43 16 1
57 63 1
-95 -90 3
82 8 1
-97 91 2
73 -74 4
96 41 1
-10 6 2
30 -77 4
-34 -58 3
85 85 1
87 63 1
-79 98 2
-67 11 2
39 -4 4
79 23 1
100 73 1
29 70 1
34 9 1
-30 -88 3
-31 14 2
19 -36 4
-98 -50 3
6 18 1
-73 0 2
12 -16 4
-89 -97 3
-9 79 2
-27 -77 3
58 34 1
19 33 1
-98 -93 3
-3 -14 3
-15 -86 3
70 -54 4
13 -70 4
-58 -58 3
5 37 1
-34 93 2
2 2 1
-60 17 2
52 57 1
8 32 1
49 -96 4
-28 -70 3
-29 53 2
66 -71 4
10 25 1
26 36 1
-24 -42 3
26 93 1
-27 -71 3
-57 86 2
-60 65 2
90 33 1
55 -62 4
-74 100 2
-32 -94 3
6 67 1
26 -54 4
73 -25 4
21 64 1
37 -92 4
58 -28 4
47 61 1
82 17 1
-92 -7 3
48 -54 4
-54 -78 3
-93 41 2
-39 35 2
-71 37 2
17 86 1
-12 71 2
-62 -16 3
12 94 1
-35 51 2
41 -86 4
-14 -77 3
53 -57 4
-82 -52 3
-94 -23 3
-79 12 2
26 93 1
65 47 1
-4 -17 3
-91 -20 3
-61 -22 3
100 25 1
-34 -85 3
73 -92 4
34 -83 4
-57 70 2
-91 32 2
-29 -22 3
-83 -23 3
49 27 1
83 79 1
-55 -22 3
-35 21 2
-84 43 2
-3 77 2
26 -86 4
-60 -38 3
-60 -55 3
51 60 1
-20 -91 3
-57 -27 3
68 87 1
-9 -44 3
-66 -31 3
-30 14 2
35 53 1
28 -82 4
-7 39 2
60 96 1
45 -66 4
77 100 1
-53 -43 3
-28 43 2
-74 -53 3
-68 -35 3
-38 13 2
-41 -10 3
68 39 1
26 -28 4
64 -18 4
-46 34 2
-31 -87 3
-90 30 2
0 -18 4
36 -98 4
24 80 1
-7 57 2
-65 -5 3
77 23 1
-8 93 2
6 17 1
-26 -14 3
-61 9 2
-74 51 2
9 -90 4
100 42 1
-68 -85 3
95 33 1
-10 99 2
-4 -30 3
47 23 1
16 14 1
-29 41 2
77 -38 4
65 99 1
26 -68 4
3 53 1
0 80 1
-92 44 2
76 -64 4
82 17 1
-41 -75 3
43 -32 4
48 14 1
-45 -55 3
-31 -93 3
42 -48 4
-72 -73 3
100 24 1
46 52 1
-36 28 2
-59 32 2
-41 55 2
75 87 1
25 11 1
-43 -9 3
-86 4 2
77 -83 4
-26 -25 3
-93 -38 3
85 51 1
-68 44 2
33 -90 4
54 -86 4
-88 -59 3
89 -60 4
-11 -96 3
14 -10 4
-76 -26 3
26 21 1
96 71 1
-72 32 2
85 79 1
-94 -79 3
-36 11 2
-99 62 2
-98 -84 3
-33 -31 3
36 -89 4
0 43 1
-32 99 2
63 25 1
-4 5 2
67 66 1
-20 49 2
-84 78 2
78 -83 4
-10 50 2
4 93 1
62 38 1
-64 2 2
19 -41 4
-3 99 2
-76 87 2
15 70 1
90 65 1
-50 35 2
11 66 1
47 48 1
-20 54 2
62 88 1
-4 -14 3
-72 27 2
3 58 1
-43 22 2
72 99 1
-34 -63 3
74 44 1
-23 8 2
-88 -17 3
-97 17 2
-40 85 2
21 76 1
91 45 1
-73 94 2
-91 93 2
-84 -42 3
-58 -94 3
5 5 1
16 -81 4
-40 -59 3
-63 -60 3
46 15 1
8 15 1
-83 13 2
20 0 1
-32 -46 3
5 0 1
0 -16 4
37 19 1
-32 -69 3
72 10 1
-98 91 2
-6 -76 3
-34 21 2
-50 93 2
-71 86 2
-73 80 2
-67 45 2
-21 -46 3
-82 -45 3
-12 -62 3
47 61 1
40 -64 4
88 -75 4
69 -21 4
88 -38 4
-47 89 2
-45 -69 3
22 33 1
-74 26 2
42 36 1
-26 98 2
28 -39 4
9 -84 4
49 -18 4
94 -31 4
-1 -67 3
1 -69 4
-57 62 2
87 44 1
-9 11 2
-76 61 2
1 29 1
87 70 1
-13 78 2
8 -75 4
-47 27 2
-68 13 2
73 -80 4
-67 -98 3
-31 -30 3
-5 -40 3
-11 -24 3
82 87 1
61 37 1
23 52 1
70 -28 4
63 79 1
-71 0 2
82 -37 4
65 -37 4
-85 -46 3
-27 97 2
5 -64 4
-97 -76 3
-63 -51 3
-10 -33 3
1 -63 4
-20 98 2
-39 33 2
-60 -48 3
-85 45 2
12 61 1
53 84 1
-37 -4 3
68 85 1
53 -43 4
31 -7 4
-95 95 2
-56 39 2
-15 25 2
-51 -17 3
-26 35 2
-75 -73 3
91 -15 4
16 24 1
85 -59 4
56 78 1
7 -17 4
97 73 1
-21 -82 3
27 -79 4
57 55 1
-95 55 2
84 -100 4
-91 -99 3
-45 73 2
-91 26 2
-44 -31 3
73 46 1
-5 21 2
-31 -50 3
-58 49 2
28 -69 4
-58 26 2
23 -61 4
-33 -21 3
-34 -90 3
-56 87 2
25 -88 4
-88 11 2
86 2 1
96 62 1
21 83 1
37 -46 4
-38 39 2
-40 -50 3
100 -30 4
57 -19 4
26 57 1
-12 -97 3
92 65 1
81 19 1
9 -78 4
-92 -45 3
-97 -59 3
-62 80 2
44 -80 4
-58 11 2
-81 -67 3
80 88 1
13 84 1
-54 50 2
78 -66 4
89 67 1
90 -29 4
-99 1 2
44 37 1
27 -24 4
92 -27 4
-33 -63 3
-34 15 2
-55 -49 3
5 78 1
-60 -4 3
-96 57 2
98 12 1
-49 53 2
6 72 1
-42 48 2
-8 -15 3
-85 60 2
-42 20 2
92 47 1
46 64 1
-69 61 2
16 86 1
5 44 1
100 -100 4
-10 -74 3
-29 25 2
-55 -91 3
-86 -81 3
10 85 1
38 78 1
60 -45 4
62 56 1
67 1 1
-98 -78 3
-34 55 2
-79 4 2
-28 55 2
73 -1 4
-20 -47 3
10 -97 4
88 -32 4
53 -98 4
6 62 1
-8 54 2
88 93 1
56 -25 4
-11 24 2
-33 8 2
-57 45 2
-8 84 2
-14 -12 3
62 -78 4
-81 -54 3
38 28 1
96 44 1
-88 -32 3
-50 97 2
-11 76 2
77 -11 4
-99 92 2
4 10 1
-12 -65 3
-48 58 2
-27 -60 3
30 -71 4
-93 100 2
-13 -66 3
-76 31 2
-11 -2 3
85 -95 4
66 -38 4
53 96 1
25 50 1
78 -40 4
23 74 1
-94 43 2
-81 -11 3
-39 -6 3
23 45 1
-33 67 2
-67 68 2
-95 -98 3
-99 63 2
-89 87 2
32 68 1
-98 91 2
-38 70 2
2 18 1
-71 50 2
97 -4 4
-41 79 2
-71 86 2
-45 -59 3
14 -96 4
37 -66 4
-5 -91 3
-92 -28 3
-21 90 2
46 97 1
67 -63 4
-26 -71 3
84 -36 4
-44 -77 3
-88 6 2
-85 -72 3
-20 -37 3
-59 7 2
-4 17 2
26 -2 4
62 93 1
77 25 1
63 72 1
53 98 1
-48 -89 3
6 96 1
-47 40 2
25 6 1
1 -100 4
27 -91 4
-63 28 2
1 -82 4
-49 6 2
-34 56 2
5 8 1
61 -9 4
76 -5 4
-83 66 2
4 -68 4
42 43 1
-18 -25 3
58 -56 4
24 64 1
71 -36 4
59 -50 4
-90 72 2
80 -98 4
-88 -42 3
-95 -51 3
-88 3 2
-58 -78 3
-19 -23 3
79 54 1
37 -78 4
74 43 1
50 -30 4
-73 -40 3
-26 -2 3
100 12 1
34 67 1
-54 15 2
-65 -81 3
99 96 1
71 -80 4
-92 99 2
-98 80 2
66 -60 4
33 33 1
-45 -15 3
-98 -28 3
-2 48 2
12 -82 4
-20 8 2
-78 -25 3
20 48 1
-54 87 2
-58 -80 3
96 35 1
-62 -81 3
-73 -87 3
39 14 1
27 43 1
41 -73 4
-80 -69 3
37 -70 4
-11 -41 3
-11 88 2
-11 -99 3
-51 78 2
0 -77 4
65 -77 4
-22 -70 3
78 -44 4
-38 -50 3
94 97 1
-36 -50 3
40 17 1
-51 59 2
-1 -79 3
33 79 1
85 -44 4
-21 40 2
5 79 1
75 72 1
92 -26 4
84 -33 4
40 -12 4
-30 21 2
-28 -95 3
-72 -2 3
80 -41 4
-41 -66 3
-56 94 2
60 100 1
-42 24 2
-17 9 2
35 12 1
78 -54 4
1 74 1
56 -44 4
79 59 1
-39 -11 3
-63 51 2
-7 84 2
-39 -63 3
-19 -44 3
95 -8 4
-14 71 2
-68 0 2
79 3 1
78 88 1
-50 -8 3
-67 -28 3
-53 22 2
-89 -34 3
-54 16 2
-19 -67 3
22 -66 4
-52 -7 3
47 11 1
31 -40 4
-38 -24 3
-47 49 2
-96 -46 3
-64 -42 3
-64 21 2
-62 42 2
-96 -40 3
84 -4 4
-64 56 2
66 64 1
-64 -41 3
-13 -36 3
24 96 1
20 96 1
-93 56 2
93 -34 4
-24 -41 3
-71 -45 3
-53 41 2
60 -1 4
-56 -95 3
60 -74 4
-28 56 2
96 -83 4
-60 -6 3
-17 -77 3
-50 -71 3
-16 66 2
-6 18 2
-90 74 2
66 68 1
-48 63 2
-14 -63 3
-17 -4 3
-81 -96 3
25 -58 4
-24 43 2
95 -18 4
-33 98 2
-64 -64 3
79 80 1
-63 -40 3
-12 35 2
84 99 1
-20 -46 3
-43 -49 3
43 69 1
-10 -60 3
67 12 1
27 -28 4
53 -82 4
-69 95 2
84 -87 4
100 41 1
62 -53 4
26 -84 4
-77 59 2
23 54 1
95 -87 4
-13 7 2
-85 -49 3
-17 62 2
-8 -88 3
-91 37 2
10 17 1
54 42 1
20 14 1
-39 35 2
94 -11 4
-73 21 2
8 -19 4
38 31 1
-15 -88 3
54 93 1
-16 -63 3
8 -40 4
80 -81 4
-32 -38 3
-87 -47 3
-56 8 2
-67 -17 3
-62 -83 3
1 -48 4
81 51 1
96 75 1
-25 72 2
-46 57 2
-97 6 2
-19 -75 3
-45 66 2
70 30 1
-16 -19 3
7 -79 4
-71 21 2
69 90 1
46 100 1
78 -1 4
61 -45 4
-19 54 2
-100 -77 3
66 -1 4
-79 26 2
-65 -64 3
-7 -71 3
31 -44 4
42 97 1
-82 10 2
47 50 1
-29 92 2
4 46 1
-44 20 2
14 62 1
-17 45 2
-39 -68 3
57 -92 4
37 41 1
-98 -41 3
-31 57 2
43 -94 4
96 5 1
-22 39 2
-32 90 2
-33 -53 3
41 -56 4
-51 50 2
-96 -24 3
-92 -66 3
-91 -72 3
84 74 1
91 8 1
-7 1 2
-86 36 2
40 -13 4
-93 17 2
-79 -72 3
26 -42 4
84 -86 4
-21 -27 3
-30 61 2
31 -65 4
54 69 1
22 33 1
87 13 1
-37 -46 3
1 26 1
82 80 1
-34 93 2
-16 17 2
22 8 1
-31 71 2
-85 95 2
-79 -9 3
33 74 1
2 38 1
9 14 1
-48 95 2
6 90 1
43 -66 4
-100 57 2
86 -43 4
2 -34 4
17 -22 4
-100 -69 3
-87 -4 3
38 -50 4
-11 69 2
24 81 1
-64 -54 3
-71 67 2
-51 -60 3
-17 -35 3
-7 85 2
65 70 1
30 60 1
31 7 1
57 -64 4
-9 70 2
26 -28 4
-97 28 2
89 100 1
-81 36 2
85 97 1
-46 -78 3
52 26 1
74 -13 4
-65 80 2
55 -46 4
-44 62 2
-32 -2 3
57 19 1
97 67 1
96 -96 4
16 27 1
-42 5 2
-85 -40 3
13 -63 4
75 -71 4
51 47 1
99 -33 4
98 43 1
-39 -85 3
78 -12 4
2 -25 4
73 69 1
9 38 1
-54 30 2
53 -69 4
97 87 1
87 3 1
-10 11 2
-52 -58 3
39 -68 4
-78 99 2
51 -83 4
-81 -49 3
97 84 1
24 37 1
34 -88 4
-55 -60 3
-4 38 2
-46 -1 3
-4 -56 3
50 54 1
-10 -55 3
4 26 1
-6 -44 3
15 73 1
90 -37 4
-76 16 2
-83 41 2
-7 67 2
36 41 1
-88 26 2
60 -12 4
-82 -29 3
96 -46 4
95 -68 4
-4 22 2
-89 -98 3
93 68 1
96 -78 4
-31 74 2
-93 76 2
46 -25 4
37 -93 4
-42 -38 3
-34 -25 3
-87 -25 3
-4 44 2
10 -64 4
-87 84 2
33 53 1
-56 -20 3
50 40 1
1 79 1
-65 -87 3
-2 -42 3
-22 -7 3
62 31 1
-97 -8 3
-95 -20 3
0 26 1
-27 -10 3
-92 65 2
-16 -34 3
-48 -17 3
-46 -71 3
-26 65 2
90 53 1
-85 26 2
54 -100 4
69 -52 4
-66 -8 3
25 93 1
75 45 1
-43 -39 3
-52 54 2
-23 66 2
49 -24 4
91 96 1
99 -74 4
40 -7 4
-53 -71 3
7 -93 4
-17 -95 3
-33 -45 3
-46 92 2
-12 65 2
35 -17 4
86 -83 4
-56 5 2
-3 35 2
10 48 1
73 96 1
100 5 1
81 52 1
45 -28 4
4 7 1
72 33 1
-94 6 2
33 80 1
-86 63 2
-72 -91 3
9 -97 4
-77 -4 3
28 -43 4
-6 -98 3
45 -45 4
-14 -96 3
-83 65 2
-69 -65 3
-64 -16 3
23 9 1
94 -16 4
82 -40 4
-40 -5 3
49 -90 4
63 30 1
-28 -5 3
-64 60 2
-76 26 2
-61 -81 3
43 -50 4
34 -36 4
-73 60 2
-92 60 2
-41 -86 3
-16 37 2
-37 -16 3
-16 59 2
-15 91 2
-45 -6 3
-38 99 2
-7 38 2
59 98 1
99 88 1
-71 -77 3
-54 -61 3
1 -54 4
42 -82 4
39 45 1
47 89 1
18 -30 4
-26 71 2
17 -93 4
99 -28 4
-36 -78 3
46 -100 4
56 41 1
49 33 1
-25 -12 3
-28 -94 3
26 -93 4
36 96 1
21 -70 4
-13 90 2
-37 -27 3
98 0 1
-66 67 2
87 53 1
41 95 1
-81 -22 3
48 -33 4
36 39 1
31 -68 4
87 -14 4
52 43 1
-40 -35 3
22 -52 4
10 -42 4
-74 -5 3
6 -20 4
-96 -74 3
61 -42 4
-2 -21 3
-94 36 2
-60 -45 3
66 67 1
-81 -82 3
-21 93 2
59 -11 4
-36 3 2
-28 -14 3
-7 -33 3
-65 97 2
-55 65 2
-40 -38 3
-38 8 2
65 81 1
-31 71 2
-13 -36 3
42 -53 4
-41 23 2
76 7 1
-82 49 2
62 86 1
31 -71 4
-65 72 2
67 95 1
65 13 1
24 25 1
83 63 1
65 -88 4
-22 30 2
-77 2 2
23 -38 4
10 25 1
-95 -1 3
-63 44 2
-6 46 2
4 52 1
65 4 1
43 67 1
-39 30 2
-11 90 2
32 -33 4
-85 8 2
32 98 1
33 -56 4
-1 -86 3
62 -83 4
-81 70 2
10 17 1
-55 -27 3
-16 -61 3
-94 61 2
93 95 1
69 -20 4
13 87 1
65 -40 4
-98 -96 3
-11 80 2
58 16 1
-6 12 2
-65 -47 3
81 -60 4
90 51 1
-45 22 2
-13 5 2
-49 -39 3
28 -41 4
17 14 1
38 -27 4
1 -28 4
-80 -67 3
34 23 1
-12 13 2
-12 52 2
-18 -11 3
-60 47 2
-72 41 2
-15 -20 3
-59 95 2
-8 -48 3
64 56 1
72 -85 4
33 75 1
72 -26 4
45 -16 4
-44 -78 3
31 -41 4
12 -54 4
91 81 1
5 65 1
41 -90 4
10 -27 4
21 -52 4
80 86 1
-65 26 2
36 7 1
75 -53 4
-88 -49 3
-45 -100 3
-30 91 2
-67 36 2
-30 -43 3
18 54 1
41 39 1
34 -21 4
-12 -75 3
51 -42 4
74 31 1
64 -11 4
-45 -22 3
-97 29 2
37 -83 4
8 -32 4
75 32 1
-64 -5 3
81 3 1
33 96 1
-58 -77 3
54 62 1
-28 -89 3
89 -76 4
95 -9 4
96 -99 4
-88 33 2
-39 -23 3
-21 -84 3
40 95 1
-72 49 2
-9 61 2
95 18 1
-11 31 2
-90 -69 3
-100 38 2
53 -65 4
-5 -81 3
-43 54 2
35 37 1
-90 92 2
34 -75 4
-4 -96 3
-95 -40 3
73 -81 4
96 72 1
59 -73 4
-55 89 2
-85 -30 3
62 -5 4
10 -24 4
-8 14 2
-9 36 2
-67 17 2
-32 -64 3
-24 -67 3
-55 69 2
80 97 1
-68 -16 3
-81 -18 3
-99 -77 3
30 -15 4
28 49 1
14 -16 4
-3 91 2
85 -61 4
-11 -21 3
-60 -36 3
79 -99 4
-78 0 2
-67 80 2
10 69 1
21 9 1
44 -54 4
-26 -99 3
-38 -28 3
76 72 1
54 10 1
56 50 1
4 -3 4
-25 89 2
78 94 1
-8 89 2
-46 13 2
64 -56 4
-96 62 2
-80 59 2
-22 -22 3
-19 -3 3
27 22 1
-98 54 2
47 -92 4
-10 90 2
99 78 1
52 17 1
68 67 1
61 -51 4
-53 -84 3
-9 -54 3
-39 96 2
-20 85 2
49 37 1
-54 65 2
69 -78 4
79 75 1
-33 97 2
53 16 1
-89 0 2
-56 21 2
-61 -62 3
7 10 1
-68 35 2
-20 -87 3
96 65 1
14 -90 4
-49 29 2
35 -22 4
-20 83 2
-10 -11 3
46 -57 4
67 -66 4
-27 -4 3
-21 -80 3
-12 20 2
68 -16 4
-15 -88 3
65 70 1
15 72 1
-64 15 2
-39 36 2
-20 -24 3
59 83 1
25 -39 4
81 79 1
1 67 1
-23 36 2
-14 -17 3
-62 13 2
-94 34 2
-50 4 2
29 -54 4
-51 -58 3
-47 87 2
72 -98 4
76 73 1
56 -78 4
99 41 1
-62 61 2
-49 -29 3
-46 -89 3
34 -4 4
97 68 1
50 -30 4
-4 -10 3
-42 53 2
69 -58 4
70 42 1
-35 -36 3
30 45 1
-67 -19 3
-82 82 2
-76 69 2
-35 -86 3
81 -95 4
-35 5 2
-19 71 2
99 8 1
-86 -74 3
62 -62 4
78 81 1
45 -51 4
10 -17 4
-85 0 2
89 57 1
53 49 1
-72 84 2
33 76 1
17 -8 4
-30 29 2
41 7 1
88 -10 4
60 -74 4
-21 51 2
73 11 1
-29 -17 3
66 -84 4
19 -86 4
-47 -8 3
-61 -11 3
-58 -62 3
-86 16 2
31 9 1
69 -45 4
88 33 1
88 89 1
-94 -28 3
-15 17 2
56 45 1
-19 33 2
32 -92 4
41 -99 4
49 74 1
47 48 1
-97 -28 3
-54 5 2
47 -97 4
-20 -12 3
-13 72 2
-11 -62 3
-98 -40 3
-49 69 2
-71 -58 3
-14 -29 3
61 9 1
-73 -88 3
-47 63 2
-70 72 2
-57 -26 3
-15 -9 3
-65 -47 3
-30 52 2
-20 85 2
-78 22 2
13 85 1
-40 -99 3
-81 -91 3
37 -10 4
-98 -65 3
53 -78 4
95 -45 4
94 -96 4
-32 98 2
-58 61 2
-84 13 2
-93 15 2
-74 -49 3
82 -41 4
-77 -77 3
85 -23 4
-25 -21 3
-64 -35 3
93 0 1
-80 28 2
91 98 1
31 -49 4
-67 -56 3
27 54 1
82 -76 4
73 -45 4
-26 -76 3
46 -18 4
100 -66 4
72 -12 4
-93 82 2
81 -95 4
-3 31 2
38 -36 4
23 57 1
-64 94 2
38 1 1
95 -39 4
70 -56 4
91 -14 4
-33 20 2
65 -8 4
-57 -100 3
-42 94 2
56 75 1
-41 -62 3
-10 -92 3
-58 -18 3
-61 40 2
-82 67 2
88 9 1
-80 15 2
27 9 1
14 -12 4
64 45 1
-42 -1 3
74 -32 4
13 -54 4
63 37 1
44 70 1
-10 -2 3
30 62 1
-33 21 2
-96 83 2
-4 -40 3
75 81 1
-54 79 2
-93 71 2
-13 52 2
-53 22 2
45 -97 4
-24 56 2
-97 48 2
-88 -97 3
-67 -3 3
-26 -35 3
-13 88 2
88 42 1
46 99 1
76 100 1
51 72 1
-46 7 2
69 62 1
4 41 1
-31 83 2
94 65 1
-89 68 2
-57 -67 3
71 -5 4
33 86 1
-80 -16 3
0 7 1
-13 95 2
36 -48 4
91 -35 4
-15 11 2
80 -62 4
98 0 1
-80 -34 3
19 -44 4
-48 9 2
-9 98 2
12 -61 4
87 -98 4
-48 -24 3
6 34 1
-3 33 2
-43 7 2
34 -33 4
18 -95 4
-41 -42 3
6 29 1
-2 74 2
-14 96 2
-19 -85 3
19 19 1
-8 -26 3
22 23 1
95 4 1
-53 93 2
91 -91 4
-32 13 2
-53 -43 3
88 -66 4
-79 38 2
-29 25 2
34 -61 4
7 63 1
-74 90 2
2 -47 4
11 39 1
-12 62 2
77 36 1
-81 -72 3
66 100 1
88 -5 4
9 50 1
-5 -47 3
70 -83 4
51 -56 4
23 52 1
31 -30 4
29 -68 4
-87 25 2
0 24 1
8 -70 4
61 46 1
-15 -90 3
19 36 1
-72 13 2
-61 69 2
76 64 1
39 7 1
-45 -30 3
-54 52 2
44 -57 4
-88 71 2
43 56 1
72 17 1
-28 29 2
27 40 1
-66 80 2
51 93 1
80 50 1
-69 -94 3
-51 67 2
29 -37 4
-21 -89 3
-30 -46 3
-43 -67 3
79 98 1
-5 -74 3
32 3 1
9 16 1
56 76 1
-67 0 2
-39 27 2
-61 62 2
0 50 1
-60 80 2
53 -45 4
-96 -67 3
-26 -28 3
-32 69 2
-97 29 2
81 -72 4
-66 44 2
-63 71 2
-49 98 2
23 -28 4
-57 -59 3
-48 18 2
55 59 1
-26 -17 3
-90 29 2
-19 54 2
40 96 1
14 -70 4
-76 -18 3
6 -2 4
-38 -32 3
30 15 1
42 -1 4
-48 93 2
55 -14 4
-30 74 2
-39 -37 3
-37 52 2
97 56 1
97 95 1
50 -34 4
54 -62 4
11 -73 4
-55 36 2
67 68 1
0 -25 4
83 -93 4
13 27 1
72 100 1
52 31 1
-96 46 2
-60 94 2
15 90 1
-24 -66 3
74 -56 4
-1 -77 3
-76 29 2
-29 -78 3
37 89 1
-91 -48 3
39 5 1
31 -35 4
75 68 1
-53 63 2
10 21 1
73 84 1
-63 92 2
94 3 1
-3 99 2
-36 -62 3
-22 -53 3
-82 -27 3
-96 28 2
-26 -65 3
-59 42 2
-36 12 2
-4 19 2
-62 -59 3
-87 -31 3
-92 -69 3
88 51 1
9 -13 4
13 10 1
-41 34 2
87 -77 4
-10 85 2
-83 6 2
43 68 1
-34 -84 3
-99 37 2
-82 1 2
-69 -8 3
33 -100 4
10 37 1
69 6 1
86 -34 4
23 -67 4
-75 68 2
-17 31 2
-69 29 2
-46 -41 3
78 24 1
82 -45 4
-13 -89 3
-84 1 2
-52 -51 3
8 10 1
86 85 1
-74 80 2
-27 -35 3
3 9 1
-14 -45 3
22 -23 4
22 -74 4
-9 95 2
-42 84 2
-66 25 2
14 -57 4
18 82 1
-30 -11 3
28 -48 4
74 -61 4
-88 58 2
-73 3 2
-86 -90 3
71 97 1
75 14 1
23 -63 4
-70 -51 3
-54 51 2
30 30 1
57 9 1
-72 99 2
-44 91 2
99 -54 4
-56 -71 3
-39 -24 3
-68 -100 3
27 -84 4
-90 -15 3
36 9 1
73 87 1
-98 -47 3
93 -20 4
-83 -51 3
-77 -23 3
13 16 1
-15 93 2
-42 32 2
-29 -20 3
-10 -92 3
8 -91 4
-91 -68 3
43 -10 4
-41 -8 3
-87 -97 3
86 92 1
-44 85 2
-73 36 2
72 -60 4
53 -74 4
4 -28 4
61 -69 4
24 56 1
53 -21 4
-28 58 2
-91 -22 3
7 45 1
-53 -45 3
96 84 1
30 10 1
21 -13 4
42 12 1
-3 23 2
90 -95 4
-68 -82 3
-54 -98 3
-30 -44 3
-42 72 2
-77 -86 3
-98 86 2
75 76 1
-86 28 2
15 18 1
84 -19 4
-46 16 2
31 -53 4
95 -63 4
-6 -47 3
-75 -14 3
-5 11 2
-87 -9 3
56 -20 4
93 -19 4
-100 -51 3
-49 23 2
-42 92 2
-45 44 2
64 -58 4
74 63 1
59 62 1
-97 -87 3
-56 75 2
-14 -71 3
45 -68 4
86 -1 4
62 -67 4
48 1 1
54 -90 4
37 72 1
92 98 1
-21 29 2
-60 64 2
38 -5 4
-77 36 2
39 -90 4
-79 78 2
-52 -94 3
-88 -7 3
-39 -44 3
-6 -51 3
-48 44 2
25 60 1
24 45 1
49 17 1
-37 59 2
14 12 1
64 40 1
-22 -22 3
-42 43 2
-45 -10 3
-46 -8 3
-54 64 2
59 49 1
56 24 1
-32 96 2
96 61 1
-47 15 2
-78 60 2
-6 67 2
-59 -33 3
6 -58 4
-36 -99 3
-41 -8 3
-1 -63 3
-14 -47 3
-79 35 2
71 82 1
86 14 1
-66 -98 3
-83 83 2
-65 -25 3
2 62 1
-41 -28 3
-63 43 2
34 -8 4
19 32 1
62 78 1
-25 67 2
-91 56 2
-21 -19 3
-76 97 2
97 -59 4
46 98 1
-84 61 2
8 -29 4
-56 -1 3
-76 -88 3
-44 -61 3
-70 50 2
-82 90 2
-71 95 2
-11 -63 3
-1 -68 3
-64 2 2
-25 57 2
-25 -23 3
94 28 1
-40 99 2
-92 24 2
63 80 1
-43 -20 3
-35 -31 3
97 67 1
-60 87 2
-50 91 2
-92 -25 3
90 47 1
-20 -49 3
84 23 1
-49 -28 3
72 70 1
-69 26 2
93 -53 4
9 -42 4
65 -87 4
40 95 1
-75 -52 3
-46 -87 3
28 67 1
61 49 1
52 -81 4
-38 78 2
47 -15 4
80 16 1
-21 63 2
-9 -93 3
32 -77 4
56 -13 4
-15 -79 3
-31 13 2
-49 -40 3
-64 -37 3
75 56 1
-11 -18 3
39 -4 4
-83 -17 3
95 -35 4
-55 24 2
1 -50 4
-24 41 2
-41 -47 3
54 -36 4
-45 90 2
-12 61 2
-28 52 2
49 -94 4
-12 9 2
-35 -54 3
64 -66 4
-67 57 2
-63 40 2
-26 40 2
-66 -57 3
82 79 1
-1 91 2
57 85 1
-66 -90 3
-66 55 2
-44 -93 3
-73 -86 3
100 82 1
-47 -90 3
81 84 1
64 -11 4
28 25 1
95 14 1
-44 -26 3
-58 -62 3
-32 32 2
79 -65 4
-12 19 2
-84 48 2
-72 -13 3
-47 -36 3
-100 -88 3
-80 45 2
-46 68 2
9 -61 4
48 45 1
-71 -57 3
33 -54 4
62 98 1
-87 95 2
-28 -24 3
39 20 1
30 83 1
29 -76 4
69 5 1
40 29 1
-51 96 2
79 84 1
98 87 1
-66 4 2
3 -74 4
90 -88 4
-61 73 2
68 62 1
-14 -21 3
45 -60 4
26 90 1
61 -15 4
35 -94 4
52 -14 4
14 -98 4
72 80 1
17 25 1
47 -64 4
89 -35 4
68 -99 4
55 -30 4
29 62 1
-19 68 2
-92 0 2
57 -96 4
-39 99 2
-39 82 2
-14 -17 3
88 -36 4
-97 -100 3
-57 74 2
-63 41 2
-1 -97 3
-16 -57 3
76 -41 4
-44 95 2
-22 -85 3
92 -98 4
-63 -42 3
-27 -27 3
-87 -44 3
2 30 1
4 99 1
2 81 1
16 -9 4
-90 70 2
-42 93 2
-25 -33 3
-84 -74 3
-87 10 2
55 87 1
-34 -50 3
-48 10 2
-27 -73 3
-2 47 2
12 -10 4
-16 100 2
23 66 1
-95 63 2
-25 23 2
77 35 1
-67 29 2
-6 -39 3
-78 -91 3
23 -69 4
55 -83 4
-5 37 2
-13 -71 3
80 -62 4
29 -14 4
-84 29 2
-36 5 2
99 20 1
-33 -77 3
-5 -53 3
-80 -30 3
91 6 1
26 17 1
6 65 1
96 32 1
28 -93 4
96 46 1
-60 65 2
-31 51 2
24 -37 4
11 -80 4
0 -44 4
-29 -38 3
-32 -66 3
26 9 1
-65 -7 3
-4 14 2
58 -18 4
-18 68 2
19 44 1
-96 -44 3
11 30 1
-9 -23 3
40 83 1
91 93 1
-37 -58 3
88 87 1
-41 57 2
-67 0 2
-13 3 2
55 44 1
64 -62 4
-75 44 2
-36 76 2
-96 -57 3
32 -81 4
-11 -11 3
74 -68 4
-71 -9 3
7 -35 4
54 -28 4
91 -17 4
17 -69 4
-33 -39 3
45 -86 4
11 96 1
-60 30 2
96 -53 4
50 21 1
76 -78 4
-92 -12 3
-7 -52 3
-7 86 2
37 -19 4
18 56 1
50 48 1
74 38 1
28 14 1
31 -26 4
-20 -28 3
96 72 1
-65 100 2
66 95 1
4 -27 4
-74 18 2
-100 -47 3
-41 -35 3
64 34 1
62 -96 4
23 54 1
-47 -86 3
-99 95 2
65 -65 4
1 -46 4
-94 61 2
-56 48 2
-42 -10 3
-54 76 2
-1 9 2
16 -92 4
2 -63 4
-87 -55 3
-34 65 2
-44 63 2
44 28 1
-86 -42 3
79 86 1
-4 40 2
-56 13 2
-96 80 2
-78 -44 3
34 84 1
-39 -29 3
13 12 1
66 -58 4
51 37 1
-87 37 2
46 67 1
-30 50 2
-10 44 2
21 16 1
17 -44 4
19 88 1
-82 -19 3
-56 -33 3
38 58 1
-95 -6 3
88 80 1
-48 49 2
-1 -48 3
-25 -14 3
-57 -55 3
-26 61 2
-55 -98 3
16 12 1
69 -72 4
-26 13 2
80 -79 4
56 -15 4
93 -31 4
93 70 1
44 -60 4
-17 4 2
-12 -100 3
18 98 1
-72 -39 3
69 -22 4
-56 -6 3
62 3 1
-37 51 2
-93 31 2
52 93 1
-25 81 2
-55 25 2
-44 -38 3
-48 -2 3
-40 5 2
-62 -50 3
-88 45 2
-3 -67 3
-80 53 2
77 79 1
-95 34 2
-5 94 2
-29 -23 3
29 -77 4
-94 67 2
-77 -47 3
-32 -51 3
33 45 1
60 -61 4
0 14 1
81 -77 4
-11 -44 3
50 71 1
70 43 1
82 67 1
97 100 1
-10 -21 3
96 61 1
44 72 1
60 -64 4
72 -80 4
80 25 1
33 16 1
-87 -33 3
49 -65 4
-50 -8 3
71 21 1
-88 41 2
-71 70 2
-57 -56 3
-54 -60 3
85 -71 4
68 70 1
-65 -22 3
-78 -80 3
-50 47 2
-92 98 2
16 -2 4
6 22 1
46 -7 4
66 -59 4
-89 48 2
16 -29 4
6 66 1
-18 12 2
-69 56 2
61 77 1
89 -61 4
-56 13 2
7 -19 4
-18 90 2
-27 18 2
9 68 1
17 -7 4
86 -54 4
98 -62 4
97 30 1
-76 -16 3
66 98 1
92 52 1
31 57 1
80 9 1
-66 74 2
71 32 1
46 -35 4
79 -37 4
-16 55 2
-85 -4 3
-47 35 2
-87 65 2
48 -96 4
-11 -29 3
-94 24 2
-17 95 2
62 -96 4
77 71 1
-65 88 2
38 -92 4
-49 92 2
20 85 1
-89 -35 3
-25 -28 3
61 -57 4
-44 -53 3
-11 31 2
33 -41 4
98 21 1
-85 24 2
21 -37 4
83 72 1
90 -59 4
-78 61 2
-23 -82 3
-59 -7 3
23 -93 4
-30 -100 3
83 -15 4
-29 -13 3
18 80 1
49 -20 4
34 53 1
3 100 1
-71 26 2
92 -30 4
-12 48 2
69 -13 4
-48 -17 3
-71 -53 3
-8 -65 3
15 -70 4
52 -14 4
6 57 1
99 54 1
-59 -51 3
65 -97 4
92 -45 4
37 99 1
43 -64 4
-21 33 2
36 -7 4
-91 21 2
-6 89 2
1 73 1
100 -9 4
-35 -74 3
-43 -69 3
-63 -99 3
61 10 1
-50 86 2
70 -94 4
37 41 1
-95 73 2
51 -93 4
-52 -37 3
50 62 1
-55 -2 3
77 -80 4
-19 22 2
-100 74 2
-15 53 2
73 -37 4
-42 91 2
51 -28 4
-74 -68 3
83 -21 4
-70 88 2
89 -10 4
14 41 1
-37 -46 3
-44 97 2
-37 -75 3
-1 90 2
96 52 1
-63 -4 3
48 32 1
28 51 1
-23 0 2
-70 -14 3
-77 -57 3
-38 8 2
-18 -73 3
75 19 1
-85 98 2
-71 -4 3
76 55 1
87 -28 4
-12 -35 3
-83 90 2
19 -52 4
-42 -15 3
41 -55 4
-11 28 2
-69 79 2
-22 -65 3
-43 -76 3
-1 -99 3
18 -4 4
-86 -29 3
6 3 1
-91 -42 3
-16 19 2
-26 -97 3
81 -100 4
81 -44 4
-66 -58 3
-41 -5 3
5 69 1
51 -12 4
-6 69 2
38 88 1
-29 -94 3
-37 10 2
4 95 1
-52 20 2
-72 -84 3
-59 45 2
60 60 1
-39 20 2
-57 -49 3
23 -100 4
72 99 1
-10 -53 3
58 -100 4
-6 -88 3
55 -33 4
-34 -2 3
17 31 1
-87 -73 3
89 71 1
95 9 1
-90 -28 3
90 -13 4
58 55 1
2 -30 4
-47 79 2
-75 3 2
-100 -70 3
90 -18 4
23 18 1
36 3 1
-18 -84 3
11 75 1
-18 46 2
10 5 1
98 87 1
57 51 1
-51 -24 3
-77 16 2
100 -2 4
-59 -52 3
-78 -34 3
-5 39 2
25 33 1
-94 67 2
78 86 1
48 84 1
-75 -77 3
19 92 1
63 49 1
25 65 1
39 -54 4
-71 87 2
-84 -8 3
66 -70 4
59 -67 4
30 3 1
94 88 1
-16 -68 3
45 -37 4
-34 -77 3
77 78 1
-52 94 2
-93 78 2
-1 30 2
-10 -79 3
85 84 1
-76 3 2
-60 59 2
-16 91 2
34 -18 4
-64 56 2
-3 32 2
74 40 1
-90 -64 3
2 -73 4
5 95 1
62 -26 4
72 12 1
-64 70 2
-8 -95 3
60 -36 4
-97 56 2
-28 76 2
58 -32 4
34 -64 4
29 -39 4
-38 -9 3
-40 2 2
-88 72 2
100 42 1
-3 80 2
9 -96 4
-31 -14 3
32 -30 4
-33 56 2
37 12 1
21 -24 4
-59 -17 3
92 62 1
26 -40 4
11 19 1
-34 -23 3
-92 36 2
86 65 1
89 -40 4
-100 -56 3
62 -80 4
6 26 1
49 9 1
33 49 1
5 35 1
-52 42 2
97 70 1
-94 0 2
-38 83 2
-72 21 2
-70 -1 3
-20 17 2
-4 95 2
85 -87 4
-14 -90 3
-75 -41 3
-92 48 2
-85 -70 3
-15 -19 3
-48 -95 3
26 -23 4
-49 29 2
-70 -46 3
87 -73 4
-32 70 2
-97 1 2
28 47 1
51 83 1
-91 -57 3
-40 14 2
-9 40 2
47 92 1
82 96 1
44 -56 4
25 29 1
71 -40 4
85 -71 4
61 -71 4
-90 19 2
59 14 1
-22 -25 3
65 -37 4
-65 69 2
2 27 1
13 55 1
-23 3 2
-20 7 2
31 -56 4
2 -25 4
71 -41 4
19 -91 4
94 67 1
-69 76 2
35 -7 4
0 86 1
-52 3 2
-43 -23 3
89 18 1
40 -89 4
0 48 1
21 38 1
-43 66 2
83 -93 4
99 -68 4
91 45 1
33 14 1
42 30 1
80 -9 4
-18 -2 3
-100 -94 3
22 87 1
-55 -98 3
-34 89 2
99 88 1
92 -69 4
90 70 1
20 -100 4
-3 -57 3
65 -62 4
53 32 1
-26 -93 3
42 -1 4
76 10 1
-14 34 2
7 96 1
0 25 1
93 -32 4
-78 89 2
-97 -92 3
3 -33 4
-61 0 2
-80 -60 3
-48 83 2
-72 85 2
20 -17 4
-81 42 2
27 -48 4
38 77 1
95 77 1
37 -95 4
74 99 1
-45 28 2
63 -5 4
-11 34 2
78 -77 4
-42 12 2
77 -80 4
-32 -41 3
16 86 1
-93 7 2
-89 72 2
34 -66 4
-95 73 2
14 25 1
27 -13 4
-33 -100 3
-51 21 2
-29 27 2
92 -55 4
-76 -53 3
6 -56 4
8 -35 4
-60 -42 3
29 17 1
-88 -52 3
12 67 1
-47 -71 3
-55 -93 3
54 -95 4
-69 76 2
-17 -20 3
58 -55 4
88 28 1
34 9 1
13 -78 4
94 79 1
-10 -32 3
-69 86 2
-68 89 2
72 -73 4
-41 30 2
15 31 1
84 45 1
8 -36 4
-82 46 2
90 -86 4
2 -4 4
27 -49 4
84 12 1
-50 72 2
2 3 1
-29 30 2
42 48 1
-68 86 2
-72 84 2
84 -23 4
-42 -97 3
-37 57 2
26 76 1
-82 30 2
-50 -63 3
-62 81 2
44 5 1
-21 -23 3
85 51 1
-76 -63 3
17 -16 4
0 -86 4
-17 11 2
-77 3 2
-16 -82 3
-74 -49 3
-97 -54 3
-1 13 2
-71 -64 3
91 -36 4
31 -51 4
-51 -79 3
-35 18 2
0 21 1
50 -39 4
22 -11 4
-24 55 2
-57 21 2
-69 90 2
88 -53 4
45 -77 4
-17 -63 3
-63 59 2
21 32 1
-22 50 2
41 14 1
-66 90 2
-85 51 2
-9 -75 3
-83 -60 3
68 -92 4
-33 -99 3
-84 -34 3
71 14 1
66 61 1
-25 -17 3
100 -23 4
60 14 1
-44 -45 3
-57 -46 3
-61 -77 3
87 -65 4
91 -22 4
67 -97 4
46 16 1
6 96 1
57 -45 4
29 15 1
-19 -59 3
89 -24 4
-21 22 2
72 73 1
65 -35 4
62 95 1
57 -62 4
93 0 1
-8 -80 3
24 -88 4
-85 8 2
16 86 1
3 46 1
-13 30 2
4 33 1
-18 92 2
4 -7 4
-51 40 2
94 64 1
-92 34 2
-83 -22 3
-92 63 2
-78 71 2
21 11 1
-100 -3 3
-65 -20 3
38 86 1
-69 4 2
22 -70 4
15 18 1
-21 -69 3
-97 -58 3
17 73 1
-49 67 2
83 80 1
89 -31 4
-32 75 2
-92 57 2
-7 -87 3
99 11 1
-82 -21 3
27 -63 4
-57 -33 3
-23 28 2
26 49 1
-39 -36 3
51 41 1
-82 13 2
80 16 1
-82 81 2
-3 16 2
92 36 1
7 -94 4
81 -73 4
69 84 1
41 53 1
-31 61 2
-26 -15 3
7 -6 4
-20 -81 3
-12 22 2
82 36 1
23 32 1
-44 -91 3
34 -67 4
-3 -26 3
82 -53 4
38 21 1
18 -7 4
78 -87 4
-55 23 2
-30 -33 3
-82 -89 3
50 30 1
-21 -50 3
7 -33 4
51 -96 4
-71 -7 3
-26 -33 3
6 -28 4
-5 55 2
5 -89 4
58 -47 4
-20 -80 3
-39 83 2
-26 57 2
8 -61 4
-19 17 2
64 65 1
23 18 1
-57 50 2
38 40 1
18 -7 4
-57 -26 3
-5 -39 3
29 79 1
-100 -100 3
29 44 1
-65 72 2
-94 13 2
-25 -69 3
-11 76 2
26 46 1
35 35 1
-53 81 2
50 86 1
-36 9 2
35 4 1
-29 54 2
-90 80 2
-35 -24 3
24 0 1
18 69 1
19 -35 4
-52 49 2
76 -95 4
-71 61 2
-11 95 2
58 58 1
61 29 1
-5 78 2
-23 -67 3
-97 53 2
-98 9 2
4 -66 4
78 -74 4
-66 -31 3
-2 3 2
85 -27 4
-4 82 2
-42 -34 3
-29 -41 3
-55 58 2
47 -5 4
22 -64 4
-44 95 2
-27 -65 3
76 -36 4
75 96 1
-51 40 2
-2 -39 3
12 -2 4
-38 -89 3
-93 68 2
-13 13 2
39 -75 4
-48 38 2
30 4 1
43 83 1
28 -1 4
-9 29 2
-81 38 2
16 26 1
-47 33 2
78 -94 4
14 -2 4
11 4 1
1 -66 4
76 54 1
-99 -19 3
-2 30 2
66 55 1
-94 35 2
33 -83 4
20 -69 4
1 43 1
81 -65 4
-48 -5 3
19 82 1
15 74 1
34 95 1
-94 19 2
-84 16 2
41 43 1
70 47 1
-10 -76 3
-44 -86 3
75 -93 4
20 -19 4
19 99 1
0 24 1
56 37 1
83 -87 4
-95 96 2
63 29 1
78 -38 4
-52 -99 3
-2 -50 3
-45 67 2
-62 37 2
67 -13 4
-63 -65 3
-11 -75 3
21 -94 4
16 62 1
-68 88 2
47 -43 4
-90 -23 3
-12 -26 3
67 37 1
46 -90 4
-70 -72 3
-89 -9 3
49 23 1
96 -85 4
-53 -56 3
62 -100 4
19 97 1
-64 -92 3
89 33 1
82 41 1
37 86 1
-29 -76 3
43 67 1
49 -55 4
53 62 1
-91 33 2
99 88 1
64 -49 4
51 93 1
-57 89 2
69 -14 4
100 -96 4
89 -96 4
-20 67 2
-38 64 2
55 10 1
59 93 1
-32 -74 3
-93 68 2
-67 -57 3
59 76 1
-56 71 2
-22 -36 3
-7 -86 3
-58 -2 3
-70 -41 3
-32 -56 3
25 -32 4
79 79 1
-58 38 2
30 8 1
47 64 1
-80 89 2
72 23 1
82 -13 4
-38 -16 3
-9 -51 3
99 -96 4
96 -60 4
89 49 1
76 20 1
-22 -72 3
0 92 1
-66 -63 3
-5 92 2
21 -17 4
-79 -18 3
-20 -91 3
32 -73 4
79 -34 4
-94 -29 3
-22 -55 3
-46 12 2
95 -90 4
4 -87 4
-91 -69 3
90 -53 4
-42 -50 3
99 -63 4
12 -13 4
59 49 1
-77 -77 3
68 93 1
67 49 1
42 88 1
78 -35 4
28 50 1
-65 -82 3
87 32 1
34 17 1
88 83 1
11 -89 4
-24 -60 3
-88 21 2
-56 -36 3
-2 51 2
-88 -91 3
26 -75 4
-8 -54 3
-85 29 2
-100 -53 3
71 -49 4
-14 -61 3
8 53 1
47 7 1
-84 -61 3
-89 -12 3
76 -34 4
-66 69 2
7 81 1
60 66 1
60 14 1
-66 68 2
48 18 1
-85 39 2
-81 -42 3
23 25 1
-62 -59 3
53 17 1
-22 -75 3
-40 59 2
97 79 1
75 -34 4
10 -14 4
-27 74 2
95 -35 4
-60 -27 3
-75 -98 3
17 48 1
54 15 1
-38 59 2
91 42 1
47 -30 4
-70 -78 3
63 -4 4
-1 19 2
-12 -99 3
-8 -59 3
90 52 1
-39 50 2
-39 31 2
-52 -66 3
21 -47 4
7 17 1
-93 57 2
-9 -12 3
43 66 1
54 91 1
-97 19 2
10 50 1
-21 -93 3
6 -76 4
44 -70 4
49 -43 4
-38 95 2
61 9 1
-19 -34 3
49 37 1
-69 -84 3
-9 99 2
-42 99 2
91 57 1
-6 -5 3
-78 84 2
8 54 1
8 57 1
-31 64 2
-37 25 2
94 -77 4
-35 -64 3
70 81 1
-84 10 2
10 17 1
-57 -51 3
19 -94 4
29 -21 4
70 -1 4
-4 6 2
67 -10 4
76 -67 4
-57 27 2
-64 87 2
-95 8 2
-22 81 2
80 28 1
-39 -70 3
-25 -36 3
-95 -94 3
-70 -42 3
-85 -75 3
-58 60 2
-36 -53 3
-64 74 2
-80 -2 3
-83 75 2
91 70 1
71 33 1
36 -55 4
-33 74 2
-26 -21 3
-89 -98 3
-26 19 2
-25 -5 3
59 22 1
13 -33 4
-50 -15 3
-8 -42 3
-60 79 2
32 98 1
-50 -77 3
-55 -12 3
-57 25 2
43 47 1
31 86 1
70 -87 4
-18 30 2
22 45 1
54 -34 4
74 -59 4
-60 -9 3
-93 95 2
40 31 1
74 51 1
72 29 1
91 55 1
97 6 1
-63 -86 3
-67 -64 3
-64 -23 3
-96 -69 3
-6 -89 3
-56 13 2
-94 82 2
-23 87 2
-50 51 2
-21 -75 3
-64 -39 3
70 -43 4
81 8 1
85 8 1
51 -65 4
61 -37 4
38 -59 4
6 100 1
87 -8 4
-58 -94 3
27 -60 4
-7 -64 3
-33 10 2
78 -38 4
68 15 1
40 -53 4
24 -38 4
12 -96 4
12 11 1
42 30 1
92 -75 4
-55 13 2
50 -15 4
8 3 1
-86 -66 3
-59 -40 3
69 30 1
-95 100 2
18 93 1
42 2 1
-29 40 2
-16 28 2
8 -11 4
-53 -87 3
3 -48 4
76 17 1
2 -69 4
0 -58 4
96 78 1
49 -23 4
85 -29 4
-15 32 2
86 1 1
-69 -47 3
-85 41 2
-45 69 2
-85 -87 3
-52 -97 3
67 17 1
-8 86 2
73 71 1
-44 -22 3
16 1 1
-23 -3 3
43 -28 4
76 -19 4
-90 55 2
38 -39 4
-39 36 2
-45 93 2
11 -74 4
-84 -29 3
-49 10 2
-5 -48 3
90 31 1
84 86 1
68 49 1
-99 8 2
68 39 1
-48 -42 3
73 -28 4
59 81 1
31 83 1
-18 -52 3
-3 -30 3
23 -25 4
78 97 1
9 -95 4
-68 -52 3
-97 -36 3
-7 33 2
100 -14 4
-71 -18 3
-32 76 2
8 -76 4
-62 98 2
-70 -50 3
76 87 1
33 -50 4
-12 44 2
-77 -71 3
23 -4 4
57 17 1
76 37 1
48 35 1
67 -37 4
84 -77 4
-77 69 2
32 62 1
32 -78 4
82 28 1
89 -11 4
-11 -38 3
51 -34 4
-39 -16 3
63 100 1
42 36 1
-12 5 2
-94 36 2
-61 64 2
47 80 1
48 85 1
-79 28 2
11 -27 4
-50 69 2
16 -16 4
-30 -75 3
-81 85 2
-73 -46 3
29 -8 4
-22 -41 3
54 -3 4
56 -11 4
-57 -37 3
-74 47 2
54 -3 4
71 -81 4
-20 -10 3
-48 -73 3
93 16 1
-47 -27 3
-12 62 2
-88 -38 3
-58 -55 3
-96 -79 3
100 -65 4
-27 -66 3
37 81 1
1 83 1
78 -60 4
-2 44 2
-62 -38 3
57 -7 4
-84 -57 3
-41 -66 3
63 -75 4
59 -3 4
12 46 1
-29 -10 3
-81 -44 3
-60 -25 3
46 -31 4
89 68 1
20 -53 4
-26 -97 3
-27 -53 3
-16 -57 3
43 -15 4
81 -70 4
-41 -36 3
35 -85 4
9 30 1
13 -33 4
6 -33 4
92 98 1
-80 -89 3
-85 97 2
-64 -4 3
-32 -56 3
-2 -56 3
-89 -22 3
-29 13 2
43 -40 4
-90 -21 3
28 -88 4
-100 97 2
-18 74 2
86 -23 4
-45 49 2
34 6 1
-49 -22 3
45 10 1
-37 -25 3
15 -23 4
-63 4 2
-33 11 2
-54 69 2
20 -97 4
-76 -55 3
-38 -89 3
19 -99 4
87 -47 4
-72 16 2
-12 92 2
-48 -32 3
-84 -91 3
-4 54 2
-16 -40 3
-50 26 2
-52 -1 3
63 -63 4
57 8 1
-69 -66 3
-15 9 2
33 85 1
-13 72 2
75 89 1
23 -40 4
45 -11 4
91 20 1
20 27 1
-93 -16 3
-1 8 2
-76 23 2
-33 6 2
73 -74 4
-42 67 2
-62 -47 3
-31 89 2
-18 -51 3
11 -17 4
9 -62 4
-98 68 2
-6 11 2
-2 96 2
40 48 1
-71 -57 3
-33 -78 3
73 61 1
45 77 1
87 -28 4
-80 -38 3
94 63 1
-6 55 2
-63 74 2
93 -27 4
68 81 1
65 49 1
-12 -32 3
20 -79 4
21 24 1
-44 18 2
-32 -73 3
-36 -33 3
-14 25 2
87 -3 4
-26 53 2
31 33 1
-40 51 2
-51 21 2
38 98 1
58 50 1
-72 -19 3
100 -22 4
-49 -16 3
12 -13 4
41 72 1
10 -100 4
-80 -28 3
99 36 1
-34 -100 3
-52 43 2
24 3 1
-78 51 2
-11 -10 3
-38 83 2
49 -71 4
61 65 1
60 49 1
-73 -37 3
-33 -61 3
99 -95 4
76 -69 4
-28 -93 3
84 -70 4
-59 -29 3
-13 92 2
11 -93 4
-60 61 2
-85 46 2
92 22 1
89 62 1
78 36 1
32 -47 4
3 64 1
87 55 1
24 -46 4
84 2 1
8 -9 4
44 -31 4
-13 -18 3
73 46 1
-3 -57 3
-33 41 2
53 -22 4
11 11 1
-46 22 2
85 97 1
-88 32 2
77 -4 4
94 -42 4
-11 -40 3
81 -12 4
-82 -100 3
35 51 1
67 11 1
-86 30 2
0 29 1
89 -83 4
-93 65 2
11 -65 4
-21 57 2
-78 86 2
50 11 1
-25 -93 3
97 -59 4
2 -92 4
-74 24 2
78 -81 4
-79 -53 3
21 -47 4
-18 72 2
-9 -20 3
41 79 1
-14 79 2
26 22 1
-84 29 2
-45 77 2
27 46 1
59 -76 4
100 49 1
-73 -49 3
-39 -26 3
70 -64 4
26 44 1
47 83 1
-88 43 2
61 84 1
-13 29 2
-40 -39 3
-52 81 2
-66 44 2
-62 -85 3
24 43 1
77 92 1
-66 31 2
-85 57 2
98 -45 4
61 -67 4
-77 -33 3
73 -7 4
45 53 1
55 -82 4
94 38 1
14 61 1
50 2 1
-80 -7 3
13 -38 4
-59 -35 3
65 14 1
9 -18 4
-37 58 2
-7 27 2
44 10 1
78 47 1
-48 9 2
-80 91 2
-82 1 2
-91 34 2
-62 52 2
99 -31 4
-69 -38 3
70 20 1
90 -26 4
75 72 1
29 -18 4
-15 93 2
-38 5 2
99 25 1
73 -13 4
-85 35 2
5 -70 4
44 -57 4
-38 88 2
32 78 1
75 -72 4
86 -27 4
-13 -33 3
-75 -57 3
-95 32 2
-42 47 2
-51 -10 3
81 34 1
92 -43 4
67 39 1
-12 41 2
-51 -94 3
71 56 1
-69 -68 3
-8 57 2
-93 -49 3
35 88 1
-47 28 2
-94 9 2
20 96 1
66 48 1
-63 35 2
-96 24 2
29 93 1
-57 -97 3
-30 53 2
-46 86 2
96 -89 4
73 -75 4
82 -86 4
-80 0 2
-54 44 2
54 -83 4
-10 28 2
97 81 1
82 4 1
-85 20 2
-55 -30 3
81 -49 4
-54 -88 3
-17 -1 3
-99 52 2
-94 -9 3
78 21 1
-89 -62 3
-72 3 2
86 87 1
-49 -88 3
3 9 1
91 73 1
-3 -55 3
-24 7 2
-46 38 2
97 -10 4
-81 62 2
38 71 1
75 84 1
-10 97 2
-97 -9 3
-67 54 2
-81 88 2
15 -68 4
38 -43 4
-38 44 2
88 -30 4
27 -59 4
-18 2 2
61 -21 4
74 -11 4
-35 46 2
-22 49 2
56 -23 4
-41 -59 3
-22 64 2
-83 -66 3
65 1 1
-55 -92 3
48 -51 4
28 26 1
-26 -49 3
57 -49 4
-76 -40 3
99 15 1
-93 -10 3
26 90 1
-63 82 2
-27 -87 3
-10 -37 3
94 11 1
99 7 1
68 -69 4
80 -72 4
-2 84 2
-100 26 2
-32 78 2
23 62 1
-38 96 2
96 -39 4
-51 61 2
59 -85 4
58 32 1
-48 11 2
-65 -36 3
25 -72 4
-61 -57 3
54 -100 4
77 -99 4
-25 61 2
11 -12 4
66 -5 4
16 31 1
87 94 1
89 -63 4
-5 -77 3
16 -70 4
-88 36 2
-84 -42 3
63 -81 4
-60 64 2
4 -51 4
-34 -94 3
-21 83 2
48 1 1
-81 -39 3
-77 76 2
9 69 1
80 -64 4
79 -27 4
-61 -26 3
-20 18 2
85 -83 4
7 -88 4
-76 -52 3
1 35 1
-52 -97 3
-68 -10 3
-35 -53 3
-60 14 2
57 -45 4
-88 -63 3
-35 -92 3
17 47 1
-94 -77 3
10 71 1
-13 -92 3
-79 0 2
-51 82 2
-70 68 2
66 42 1
65 40 1
-87 -83 3
-80 -33 3
31 -32 4
-85 -95 3
-48 -94 3
60 9 1
45 36 1
-32 -99 3
17 75 1
-16 -100 3
-22 96 2
88 -85 4
-54 46 2
-7 18 2
-21 -59 3
69 -100 4
46 -88 4
71 68 1
-63 -57 3
-48 -98 3
-62 10 2
-58 8 2
61 82 1
21 -74 4
-44 30 2
-57 -93 3
-6 12 2
-67 86 2
3 -14 4
18 -36 4
-96 34 2
-81 -31 3
27 39 1
-31 5 2
-55 96 2
28 81 1
-15 85 2
15 87 1
-85 79 2
-66 85 2
-65 -77 3
-70 70 2
93 75 1
33 33 1
35 28 1
-64 -33 3
-78 -8 3
-74 4 2
-53 -61 3
74 -22 4
-100 75 2
-23 -1 3
96 -33 4
-87 38 2
-27 35 2
94 39 1
39 45 1
27 54 1
-33 98 2
-76 48 2
40 32 1
38 -10 4
-24 36 2
-14 -50 3
-60 95 2
56 -18 4
-53 81 2
2 -47 4
-35 -59 3
-53 -32 3
-68 99 2
-34 79 2
90 49 1
73 -65 4
-54 29 2
40 25 1
85 -90 4
-10 -60 3
65 80 1
23 -78 4
21 -84 4
49 23 1
-31 4 2
5 -70 4
-76 -70 3
-71 68 2
53 19 1
54 14 1
4 87 1
-99 -45 3
-71 -43 3
82 37 1
42 -6 4
48 62 1
94 77 1
71 44 1
79 5 1
-47 -97 3
-72 -26 3
-79 -55 3
86 78 1
14 -63 4
24 -90 4
22 71 1
-78 96 2
76 -37 4
58 42 1
-38 -65 3
86 37 1
-40 7 2
-41 -36 3
-60 -99 3
41 46 1
-61 -87 3
29 98 1
6 -73 4
-82 98 2
13 20 1
-31 -23 3
-13 -63 3
-81 -2 3
-9 92 2
49 93 1
21 13 1
4 56 1
-96 -12 3
-15 91 2
14 64 1
-52 22 2
-15 72 2
93 52 1
87 -91 4
-32 55 2
-67 -79 3
-8 -50 3
37 82 1
78 -99 4
25 11 1
79 82 1
-72 -62 3
-92 -23 3
-84 -78 3
-74 -80 3
52 -5 4
63 -87 4
-28 15 2
42 -21 4
14 16 1
-10 -88 3
-28 58 2
-70 -56 3
-32 -9 3
9 85 1
-82 100 2
10 -26 4
82 -15 4
-7 -19 3
91 54 1
-95 98 2
-85 -59 3
43 34 1
73 -88 4
77 93 1
-74 -80 3
67 -28 4
38 20 1
-94 71 2
54 1 1
-57 85 2
99 -19 4
-62 46 2
-27 25 2
-47 62 2
-30 8 2
63 89 1
-93 29 2
-7 -88 3
-89 86 2
4 74 1
-11 -1 3
0 75 1
67 -26 4
-36 100 2
-70 -52 3
-50 -26 3
-71 -15 3
48 95 1
-24 -71 3
-77 95 2
-27 31 2
-64 -46 3
2 -43 4
78 -14 4
-63 72 2
-36 6 2
63 -8 4
-26 -60 3
-16 62 2
-51 49 2
68 12 1
-77 -69 3
-93 -23 3
0 88 1
-10 -54 3
6 45 1
53 -63 4
63 66 1
-36 47 2
-73 -31 3
-13 61 2
-3 -36 3
8 26 1
37 -86 4
33 48 1
-12 -23 3
74 63 1
32 52 1
63 -11 4
-28 85 2
60 96 1
-55 59 2
6 36 1
-25 51 2
-68 -51 3
78 73 1
-62 77 2
55 -84 4
-53 -100 3
-46 -95 3
-91 47 2
93 58 1
-97 -14 3
-93 -87 3
36 -83 4
-6 19 2
-44 46 2
-85 31 2
-19 39 2
55 -52 4
24 -46 4
61 94 1
-42 97 2
-80 -47 3
35 97 1
56 43 1
11 82 1
-93 -39 3
71 -87 4
78 -95 4
-3 -12 3
-34 67 2
57 -68 4
-14 -54 3
-7 -5 3
38 -46 4
-88 45 2
-26 -12 3
-50 -3 3
-41 -20 3
68 -46 4
-61 4 2
62 73 1
42 88 1
-37 -70 3
84 -61 4
18 11 1
57 5 1
13 84 1
-24 39 2
55 15 1
33 4 1
42 -98 4
76 -93 4
-67 -94 3
74 96 1
-43 22 2
-6 56 2
-90 -53 3
-87 35 2
71 -58 4
91 -51 4
15 46 1
78 77 1
-29 57 2
-99 60 2
99 -8 4
-52 -88 3
-91 19 2
66 57 1
-80 65 2
28 25 1
43 27 1
-32 40 2
85 25 1
-86 -83 3
30 -42 4
2 -70 4
44 -30 4
51 -77 4
27 37 1
80 66 1
12 -38 4
-45 -61 3
-98 0 2
-62 -26 3
60 95 1
-55 -27 3
42 -90 4
-68 -92 3
72 62 1
-92 -83 3
-36 -41 3
11 89 1
-95 29 2
-63 95 2
57 -90 4
47 75 1
-86 -86 3
49 -53 4
92 -44 4
-55 55 2
-32 17 2
-8 -60 3
-100 -90 3
56 -62 4
-7 66 2
5 -42 4
-93 -69 3
-70 -89 3
19 76 1
83 99 1
66 -33 4
55 -20 4
56 5 1
78 11 1
-39 -89 3
15 -46 4
-77 -8 3
-88 34 2
-64 30 2
-100 -67 3
-42 -53 3
-20 100 2
12 -35 4
67 -34 4
-93 -58 3
-53 100 2
-9 99 2
-19 61 2
11 -53 4
-90 86 2
66 -44 4
14 -61 4
-10 31 2
20 -57 4
37 79 1
16 62 1
-56 -5 3
-36 -59 3
32 15 1
25 -23 4
20 55 1
70 -12 4
67 -16 4
-95 10 2
39 -85 4
23 -34 4
-87 63 2
81 52 1
40 30 1
79 50 1
16 -76 4
-23 3 2
38 -70 4
46 92 1
74 -98 4
10 -12 4
-13 7 2
89 -82 4
82 50 1
31 73 1
-82 100 2
-1 -30 3
63 16 1
-17 -99 3
-73 -98 3
-42 -21 3
74 98 1
-23 59 2
22 97 1
78 28 1
55 -73 4
-93 71 2
65 58 1
-8 7 2
62 -17 4
16 -28 4
-2 19 2
11 -56 4
-38 65 2
92 -43 4
-16 -50 3
-7 13 2
74 0 1
79 17 1
-60 89 2
-34 -1 3
-48 77 2
57 -4 4
9 -24 4
18 -33 4
30 40 1
-56 -56 3
-60 86 2
59 -73 4
-83 92 2
54 -77 4
77 24 1
-24 93 2
63 91 1
-42 11 2
18 -78 4
59 55 1
21 86 1
93 52 1
78 40 1
-37 63 2
-3 54 2
-76 -42 3
-51 66 2
16 -87 4
64 -2 4
2 -62 4
-39 1 2
61 69 1
10 -10 4
41 -1 4
81 17 1
22 -44 4
66 40 1
-42 32 2
-60 63 2
-58 -28 3
77 32 1
-53 -20 3
99 34 1
76 -89 4
-25 -88 3
-92 -80 3
86 -85 4
-98 13 2
-91 80 2
58 -45 4
-87 62 2
-61 27 2
74 96 1
-71 -58 3
8 -24 4
-22 83 2
76 34 1
2 27 1
-28 18 2
-92 72 2
89 100 1
27 32 1
-50 -78 3
-64 -64 3
54 -39 4
68 46 1
73 79 1
-61 9 2
56 -73 4
-21 -36 3
-32 21 2
2 -41 4
70 70 1
-44 -100 3
78 -66 4
6 -98 4
-38 87 2
79 -68 4
2 46 1
96 -68 4
46 65 1
-34 -15 3
55 -19 4
25 -69 4
-94 -71 3
-65 -34 3
20 32 1
21 44 1
62 92 1
64 -61 4
79 48 1
31 -9 4
33 -52 4
-7 -92 3
20 15 1
-60 26 2
81 34 1
19 6 1
-27 -28 3
33 -88 4
-5 55 2
-24 -23 3
15 -95 4
34 -56 4
1 -6 4
98 -79 4
77 -58 4
-59 28 2
59 -78 4
8 77 1
43 -34 4
-21 -29 3
50 22 1
-91 55 2
52 51 1
-56 -77 3
-4 -66 3
-60 3 2
6 75 1
-72 -97 3
-64 -84 3
-98 86 2
61 -68 4
49 43 1
-15 -6 3
-100 95 2
32 13 1
-45 -32 3
-96 -22 3
58 68 1
42 -46 4
-69 64 2
21 -100 4
-36 23 2
-71 -69 3
91 -30 4
-9 -78 3
-34 -65 3
-54 15 2
-66 19 2
-19 30 2
29 16 1
18 -3 4
-15 30 2
-92 -42 3
49 4 1
11 -95 4
-76 88 2
46 -17 4
48 46 1
-37 19 2
37 -100 4
-91 -53 3
-92 -8 3
60 21 1
38 -64 4
-51 18 2
-87 -25 3
-59 36 2
-19 94 2
-33 -65 3
54 -93 4
-65 53 2
-75 -77 3
-12 -32 3
-13 -53 3
-83 -85 3
-27 68 2
89 -89 4
85 -15 4
-3 70 2
-38 -3 3
-30 -83 3
-98 -31 3
-36 -92 3
5 17 1
38 6 1
-30 -71 3
43 -99 4
24 31 1
45 85 1
84 5 1
-6 49 2
85 -79 4
-68 -23 3
86 97 1
41 16 1
-62 -68 3
26 54 1
21 -59 4
-95 83 2
-1 -21 3
-24 -95 3
-100 -48 3
3 4 1
15 -46 4
47 3 1
5 -70 4
-74 22 2
-18 -27 3
95 28 1
54 -93 4
-9 -31 3
-15 -65 3
22 83 1
66 83 1
87 87 1
-67 73 2
-51 -98 3
44 25 1
-80 29 2
-9 71 2
62 47 1
65 93 1
-35 -25 3
94 42 1
5 -38 4
-3 -12 3
4 27 1
-46 63 2
82 -73 4
-57 34 2
19 -67 4
-27 61 2
7 -76 4
-28 -45 3
84 -7 4
-93 -61 3
-71 -50 3
29 -36 4
-54 -36 3
12 18 1
72 -94 4
11 -74 4
48 86 1
-31 -14 3
24 -19 4
62 39 1
-86 -37 3
13 65 1
-80 85 2
-59 59 2
48 24 1
-69 76 2
23 26 1
-76 35 2
15 66 1
21 -5 4
82 43 1
-34 32 2
41 -7 4
5 -57 4
-5 46 2
-88 18 2
64 -59 4
6 24 1
-20 72 2
29 9 1
52 30 1
80 69 1
-15 -26 3
-54 76 2
-77 54 2
59 -17 4
-83 -22 3
96 -67 4
75 34 1
66 -69 4
-26 -15 3
97 18 1
-68 -6 3
35 14 1
-62 -42 3
-41 19 2
-62 30 2
-70 80 2
-85 14 2
-65 25 2
43 73 1
100 -46 4
-96 3 2
77 55 1
-47 3 2
90 47 1
-7 -93 3
88 -4 4
-13 7 2
-84 -72 3
5 45 1
-69 -3 3
66 93 1
-67 -57 3
-88 3 2
-46 -79 3
25 -10 4
-34 -63 3
-1 57 2
85 -58 4
77 -54 4
18 74 1
-47 -23 3
-41 -63 3
-18 -79 3
81 -6 4
-91 -38 3
83 13 1
-56 -88 3
61 61 1
-2 21 2
-30 -21 3
-95 15 2
40 2 1
52 16 1
-51 -69 3
1 2 1
26 -6 4
-51 -65 3
93 -67 4
-79 -62 3
51 42 1
-69 -25 3
-81 -28 3
66 -77 4
25 -19 4
-69 75 2
-31 -84 3
68 -66 4
-29 -62 3
93 65 1
72 53 1
-6 40 2
69 26 1
-53 53 2
41 95 1
17 23 1
-26 86 2
-3 73 2
58 48 1
91 -28 4
41 35 1
-73 94 2
-17 -9 3
4 -6 4
-11 19 2
1 -41 4
94 79 1
63 -8 4
-86 -66 3
-48 25 2
27 -74 4
30 77 1
14 -85 4
60 32 1
93 -53 4
-27 19 2
10 -49 4
23 -70 4
21 -21 4
65 82 1
-11 97 2
11 -74 4
14 74 1
30 46 1
-61 -69 3
11 20 1
-95 -90 3
81 -97 4
86 -10 4
-83 -47 3
-3 -50 3
-3 -42 3
-14 -80 3
-59 -77 3
57 45 1
63 70 1
-36 -46 3
65 -51 4
-65 -97 3
46 -94 4
-43 -55 3
93 19 1
-99 43 2
14 -6 4
22 -12 4
-43 -39 3
-11 -18 3
61 -57 4
66 -34 4
20 1 1
66 99 1
-40 40 2
-49 -85 3
14 32 1
-80 -38 3
65 31 1
93 0 1
77 -12 4
8 76 1
13 9 1
-90 -69 3
-65 99 2
-53 -11 3
23 -99 4
-71 -96 3
56 8 1
-8 87 2
-63 26 2
-90 -92 3
81 -54 4
52 -93 4
-95 -75 3
37 14 1
-88 24 2
58 -22 4
-13 -38 3
50 -35 4
-83 -49 3
-96 70 2
66 38 1
86 -11 4
-62 -2 3
35 -73 4
51 -99 4
-61 29 2
77 -3 4
-97 -28 3
37 45 1
-21 -53 3
83 -21 4
-84 12 2
-78 84 2
36 13 1
39 77 1
30 -44 4
-12 -98 3
-81 89 2
26 -77 4
-33 57 2
82 -32 4
71 81 1
40 -74 4
-65 0 2
20 -65 4
77 -33 4
46 -17 4
32 -17 4
50 -99 4
35 -20 4
26 23 1
-47 -38 3
-3 12 2
12 92 1
50 -30 4
70 -51 4
-100 61 2
-40 95 2
-44 -47 3
96 50 1
2 -74 4
-58 -16 3
51 48 1
53 -61 4
-36 79 2
-68 20 2
-56 -82 3
-58 91 2
6 -96 4
-41 7 2
-97 -43 3
98 -36 4
41 -2 4
6 68 1
52 -76 4
52 -29 4
50 -49 4
36 -13 4
-28 0 2
54 -72 4
-48 40 2
-20 54 2
100 -99 4
-59 77 2
30 -79 4
55 50 1
-60 -23 3
-65 -21 3
67 11 1
-97 -11 3
-100 69 2
77 58 1
-85 -55 3
-92 -24 3
1 -97 4
58 -67 4
-88 -64 3
-92 44 2
6 -57 4
60 -59 4
98 -86 4
-1 -37 3
16 15 1
39 15 1
58 -33 4
100 -83 4
-7 -88 3
57 -43 4
86 -88 4
-97 -16 3
80 -44 4
22 -36 4
24 25 1
-60 93 2
-59 -56 3
-98 66 2
61 -97 4
69 -26 4
95 -52 4
-21 79 2
-69 -82 3
39 -35 4
-69 -52 3
-43 -40 3
60 -91 4
100 -8 4
42 95 1
-46 -99 3
85 62 1
57 97 1
53 59 1
-65 0 2
-69 38 2
-75 -77 3
22 10 1
17 -75 4
-80 89 2
25 -40 4
44 26 1
-52 32 2
87 89 1
-23 -4 3
-68 10 2
-30 -97 3
-2 80 2
63 -65 4
51 51 1
14 -14 4
12 -33 4
-99 -92 3
68 -14 4
-87 -50 3
-53 86 2
-94 0 2
-55 -30 3
47 97 1
33 32 1
-95 73 2
2 41 1
44 74 1
87 -61 4
-59 35 2
100 95 1
28 -54 4
-25 -40 3
-70 13 2
-96 -95 3
6 47 1
24 49 1
-99 -44 3
74 -85 4
55 53 1
-48 -38 3
62 23 1
-52 -83 3
61 61 1
-44 30 2
-26 93 2
-73 14 2
-78 83 2
72 -34 4
-6 97 2
10 -63 4
94 38 1
72 -55 4
-43 42 2
62 -90 4
-62 -67 3
-92 61 2
-9 -13 3
65 -32 4
6 -55 4
82 -77 4
86 -55 4
9 -40 4
100 -69 4
50 -88 4
-5 79 2
-69 23 2
37 76 1
-78 -86 3
35 -1 4
86 -78 4
69 58 1
75 45 1
67 35 1
78 41 1
-84 53 2
15 16 1
46 -81 4
61 -77 4
-32 -85 3
58 96 1
-64 -12 3
-99 -49 3
-9 15 2
28 73 1
23 -8 4
-20 -18 3
-72 -39 3
12 -64 4
-36 11 2
84 86 1
-51 -26 3
-13 -16 3
45 76 1
59 1 1
60 -50 4
-64 -10 3
94 -27 4
-84 75 2
46 -81 4
96 45 1
27 7 1
-96 -95 3
-11 15 2
-47 92 2
-82 -86 3
-28 -99 3
-3 -90 3
-63 -1 3
74 -16 4
45 15 1
-1 -35 3
-28 62 2
-78 -24 3
29 -80 4
-73 40 2
-73 46 2
23 72 1
42 -68 4
-3 4 2
-81 40 2
-36 96 2
82 10 1
-56 -89 3
-90 -88 3
-83 -7 3
53 18 1
-83 33 2
-27 -65 3
-41 -18 3
-81 69 2
74 -96 4
17 79 1
-7 88 2
37 -24 4
65 32 1
-42 -11 3
60 73 1
69 -100 4
35 -42 4
61 -64 4
-60 -54 3
-55 -8 3
88 65 1
19 -10 4
-31 -25 3
15 -4 4
-35 96 2
27 -78 4
11 -62 4
-48 -36 3
6 -67 4
-90 47 2
93 -97 4
35 15 1
17 -1 4
47 -76 4
65 44 1
5 -68 4
7 -24 4
-81 20 2
-30 -77 3
-96 71 2
93 83 1
94 -72 4
16 -6 4
29 90 1
35 -30 4
44 74 1
73 68 1
23 100 1
-12 66 2
31 55 1
-12 42 2
-100 -35 3
23 61 1
-15 -7 3
22 -79 4
-84 19 2
77 -37 4
8 -6 4
-19 79 2
72 68 1
-60 -39 3
74 96 1
11 7 1
-40 -63 3
-36 -22 3
-51 -19 3
49 64 1
54 13 1
-65 -21 3
66 76 1
-60 -11 3
-80 -55 3
-50 -85 3
61 -96 4
-44 -4 3
-38 95 2
64 -77 4
39 -91 4
3 64 1
3 -82 4
54 9 1
-40 -61 3
95 -46 4
88 52 1
-81 91 2
97 73 1
67 -10 4
-21 -27 3
-93 45 2
22 -92 4
97 42 1
5 -32 4
-74 -30 3
95 -47 4
-57 28 2
-11 -92 3
37 24 1
-63 32 2
-77 -84 3
63 -42 4
47 -57 4
12 -11 4
-46 87 2
-34 65 2
-45 50 2
86 -92 4
-31 55 2
-15 61 2
0 66 1
-18 90 2
-58 55 2
17 -21 4
-93 -51 3
63 84 1
96 25 1
-51 -72 3
-73 42 2
73 -37 4
72 -36 4
-2 -48 3
-87 94 2
-5 -22 3
-99 -73 3
58 -37 4
-46 -73 3
40 -49 4
50 55 1
84 0 1
35 -56 4
-45 14 2
6 0 1
-65 86 2
61 31 1
13 43 1
10 62 1
88 -17 4
53 -8 4
-47 -7 3
-52 -21 3
-61 93 2
-65 69 2
-92 -76 3
-9 -18 3
-39 -96 3
82 50 1
-55 86 2
-46 39 2
63 66 1
-35 87 2
-3 -55 3
-44 -53 3
93 -29 4
-89 -59 3
89 -36 4
-11 32 2
30 -74 4
-80 -93 3
92 22 1
58 44 1
42 98 1
-50 -79 3
-79 23 2
39 -26 4
13 -35 4
-92 -13 3
78 15 1
-16 40 2
-14 -80 3
-92 -42 3
-5 57 2
82 -86 4
-54 21 2
95 -95 4
91 85 1
-25 99 2
-42 7 2
3 28 1
64 -99 4
40 -77 4
-2 89 2
-91 12 2
-27 -55 3
-57 -12 3
-87 -83 3
51 -85 4
42 35 1
-89 -49 3
79 -53 4
-90 13 2
63 -1 4
-65 -40 3
32 99 1
-13 5 2
-86 -7 3
-82 96 2
-52 -94 3
11 19 1
40 -14 4
17 20 1
4 11 1
5 -14 4
70 -13 4
-58 -19 3
18 -56 4
76 -90 4
-77 -5 3
-71 88 2
0 -33 4
64 -7 4
56 -1 4
-57 -20 3
-56 70 2
0 47 1
-33 -67 3
-49 3 2
52 -23 4
91 88 1
-32 -83 3
89 59 1
13 -63 4
84 -76 4
76 74 1
-31 72 2
72 -40 4
72 97 1
-61 89 2
30 -76 4
36 -48 4
-47 -50 3
6 -67 4
27 13 1
20 15 1
-10 60 2
53 -61 4
98 68 1
99 99 1
-82 -39 3
-42 44 2
11 -58 4
-75 -74 3
-26 64 2
-90 -12 3
-9 5 2
86 84 1
-86 -77 3
40 68 1
37 80 1
33 74 1
-20 -52 3
7 -33 4
-83 78 2
-55 54 2
-21 -61 3
-86 16 2
-44 69 2
-80 -64 3
28 56 1
-37 -75 3
56 10 1
13 9 1
-21 -44 3
6 18 1
-45 -50 3
-94 75 2
44 -5 4
72 51 1
65 88 1
-75 -65 3
82 87 1
-7 73 2
76 23 1
-2 58 2
-11 -53 3
-31 -93 3
-84 83 2
-6 -10 3
43 -75 4
27 96 1
65 91 1
-48 51 2
-5 76 2
25 -18 4
84 35 1
89 0 1
-72 34 2
-6 43 2
-1 -81 3
68 7 1
31 -7 4
-93 -99 3
28 97 1
67 -82 4
-44 70 2
43 -38 4
57 50 1
-42 -10 3
44 23 1
-48 -40 3
-99 -28 3
-75 -19 3
-40 -2 3
23 -55 4
-71 -60 3
72 81 1
20 -55 4
88 -7 4
48 96 1
-11 23 2
40 -43 4
-84 57 2
-65 -10 3
6 76 1
12 74 1
-84 -70 3
32 7 1
29 -54 4
-72 -11 3
17 -7 4
98 97 1
55 -32 4
43 -80 4
-100 -7 3
48 10 1
-23 -43 3
44 -39 4
-97 55 2
77 -73 4
95 72 1
-86 73 2
-77 -7 3
-46 -62 3
38 -75 4
12 -67 4
54 12 1
-69 72 2
55 -53 4
-17 77 2
5 64 1
-81 53 2
91 -8 4
29 96 1
2 41 1
62 -73 4
67 -75 4
-56 46 2
85 -49 4
-68 77 2
18 -70 4
95 -35 4
-53 -35 3
66 -87 4
-42 90 2
-24 -41 3
23 79 1
-40 89 2
-44 16 2
-28 -26 3
-94 59 2
70 71 1
-44 74 2
-67 94 2
2 -93 4
-70 15 2
99 -60 4
87 39 1
1 -49 4
-92 -23 3
-36 -55 3
87 8 1
-40 -91 3
-65 -50 3
-22 89 2
69 -1 4
88 26 1
28 -82 4
0 76 1
60 87 1
6 -22 4
-15 67 2
89 64 1
34 -7 4
5 55 1
66 21 1
58 91 1
-28 96 2
-85 0 2
-76 -98 3
-91 -30 3
-51 -58 3
-35 -60 3
-29 -40 3
-53 -50 3
-78 -50 3
-45 78 2
-44 11 2
-35 79 2
-44 -88 3
-70 48 2
46 66 1
95 -84 4
46 -76 4
15 89 1
11 65 1
-5 -3 3
70 -99 4
-23 -57 3
41 -46 4
80 -57 4
79 -74 4
-39 -46 3
-84 33 2
71 -3 4
87 86 1
-72 100 2
-100 72 2
83 -90 4
68 -8 4
-85 -63 3
84 4 1
11 74 1
-50 55 2
18 28 1
-74 43 2
41 -20 4
81 -80 4
32 43 1
-73 98 2
-15 81 2
-69 -46 3
88 39 1
-5 29 2
-87 48 2
-53 -58 3
4 -25 4
-5 -13 3
62 83 1
-53 -84 3
13 41 1
-87 -60 3
-92 64 2
-25 66 2
25 77 1
32 52 1
-94 -60 3
-8 -50 3
-78 -68 3
-82 29 2
78 16 1
14 -35 4
78 -99 4
63 91 1
-56 0 2
-89 45 2
63 29 1
-37 -74 3
-61 -41 3
-23 84 2
14 46 1
83 -74 4
100 55 1
29 40 1
25 -58 4
24 55 1
-73 -46 3
-80 -50 3
88 -84 4
-64 -40 3
-59 -13 3
77 -48 4
50 100 1
-27 -99 3
-67 97 2
95 18 1
82 61 1
43 8 1
-98 -89 3
-75 -73 3
56 -83 4
99 -62 4
77 38 1
98 -74 4
-53 18 2
-41 -28 3
70 27 1
-29 2 2
-19 49 2
-79 -40 3
48 39 1
-5 97 2
-47 56 2
-36 80 2
79 -6 4
13 18 1
-11 10 2
56 88 1
31 29 1
83 -43 4
71 35 1
24 -83 4
13 -22 4
89 81 1
20 89 1
-81 -64 3
85 -50 4
-86 51 2
32 -32 4
-24 78 2
-36 57 2
70 -78 4
62 -8 4
-39 -5 3
-8 63 2
100 -88 4
-75 10 2
-6 70 2
-46 -63 3
-93 -22 3
37 -33 4
-18 42 2
98 21 1
55 -100 4
41 -47 4
-96 31 2
-72 -13 3
-91 -72 3
59 30 1
-71 74 2
-88 82 2
-3 67 2
-8 -91 3
38 64 1
-36 -63 3
-18 -43 3
-9 34 2
67 -98 4
81 -71 4
73 23 1
69 -60 4
68 -45 4
58 -77 4
54 -40 4
43 1 1
-74 -9 3
83 -3 4
-13 64 2
7 -8 4
77 99 1
-44 85 2
82 73 1
1 -91 4
55 98 1
-52 -65 3
-36 -35 3
-17 63 2
-22 -2 3
-5 16 2
-12 -18 3
78 53 1
-23 44 2
1 62 1
31 71 1
16 -49 4
-54 -71 3
97 9 1
80 -11 4
50 -4 4
-28 1 2
29 31 1
-7 40 2
-63 -27 3
0 -17 4
78 -33 4
84 -74 4
-91 -94 3
61 -100 4
74 29 1
-21 -98 3
67 -68 4
11 3 1
68 -61 4
53 11 1
82 -79 4
31 -73 4
-82 -17 3
57 6 1
26 -63 4
-54 58 2
-59 -64 3
-7 -82 3
17 95 1
-33 79 2
-95 42 2
-73 -75 3
-71 -46 3
-28 94 2
17 39 1
-41 -95 3
-98 19 2
-1 -21 3
-68 -30 3
-88 -20 3
-68 -41 3
98 100 1
31 -33 4
-77 -91 3
26 -61 4
-43 20 2
-52 55 2
26 -33 4
-25 -55 3
-86 85 2
-46 -11 3
30 -50 4
31 8 1
28 20 1
-47 72 2
72 -22 4
-94 -15 3
48 62 1
-40 -67 3
-92 69 2
-59 38 2
43 -68 4
-13 10 2
-8 -20 3
-40 -100 3
-24 -28 3
88 -98 4
49 75 1
34 -56 4
-36 94 2
46 24 1
38 91 1
97 88 1
-6 54 2
25 6 1
66 81 1
-3 -7 3
-73 53 2
93 -50 4
-31 28 2
25 28 1
29 71 1
-81 -19 3
48 25 1
-96 -16 3
-2 77 2
-41 10 2
-98 71 2
57 71 1
-15 -86 3
47 84 1
67 -57 4
82 -45 4
71 -28 4
-79 94 2
98 -29 4
13 45 1
16 -51 4
-15 13 2
87 -39 4
-8 -77 3
51 18 1
-29 63 2
38 44 1
18 -27 4
-52 -55 3
-10 -48 3
17 -22 4
30 -65 4
97 -74 4
27 -82 4
-81 -42 3
-4 46 2
46 -19 4
54 100 1
-62 42 2
-11 -65 3
-77 44 2
-72 26 2
-59 35 2
-81 70 2
-71 14 2
96 54 1
54 -62 4
-34 -73 3
-76 -69 3
63 -85 4
20 57 1
-34 10 2
-13 -69 3
28 -33 4
58 94 1
49 -62 4
37 31 1
-72 30 2
-96 -75 3
-6 72 2
-51 89 2
25 68 1
57 0 1
81 -47 4
8 45 1
54 80 1
-98 -35 3
51 -73 4
96 89 1
20 30 1
-66 31 2
56 5 1
-37 -42 3
19 61 1
-54 62 2
-92 -59 3
-67 14 2
-4 -71 3
-38 -17 3
89 -65 4
-22 -45 3
-9 20 2
-21 14 2
-85 -96 3
-53 -90 3
76 61 1
39 84 1
88 40 1
77 -42 4
35 83 1
-38 -62 3
56 -19 4
37 -83 4
75 21 1
95 13 1
-62 -34 3
-72 -86 3
1 15 1
25 -60 4
35 13 1
51 23 1
30 79 1
-86 26 2
99 82 1
-94 88 2
-20 35 2
-24 20 2
83 -26 4
-57 -46 3
7 58 1
46 -26 4
-2 -57 3
68 -4 4
-75 -82 3
69 -76 4
46 66 1
66 83 1
33 -23 4
81 -89 4
50 20 1
-87 -21 3
3 46 1
-64 75 2
62 87 1
97 33 1
83 -89 4
-35 -27 3
20 -17 4
-62 33 2
-15 91 2
26 -89 4
45 95 1
-82 13 2
57 -1 4
51 56 1
63 50 1
-46 88 2
90 73 1
-29 32 2
37 -3 4
5 -90 4
64 -94 4
-76 60 2
-24 -25 3
-12 -28 3
49 17 1
6 13 1
-95 65 2
27 -4 4
38 -35 4
91 -1 4
64 -75 4
30 -71 4
16 44 1
-13 -7 3
20 -80 4
-23 -64 3
-69 -24 3
34 -71 4
99 -79 4
-84 69 2
40 89 1
86 -3 4
-57 -82 3
23 64 1
-82 99 2
85 -80 4
-62 37 2
-22 11 2
98 -61 4
-43 -39 3
89 -89 4
-30 47 2
-83 0 2
49 15 1
-44 26 2
-14 44 2
-73 -63 3
83 -64 4
92 -42 4
-37 50 2
88 -5 4
91 -97 4
98 -65 4
-22 -24 3
-48 23 2
-2 -53 3
-66 78 2
63 -47 4
57 -66 4
45 17 1
100 80 1
-93 -75 3
38 -73 4
51 -29 4
35 25 1
52 -90 4
63 61 1
46 -63 4
94 3 1
22 -94 4
46 3 1
50 -9 4
45 9 1
-51 -92 3
88 -72 4
46 87 1
-57 16 2
96 -62 4
-25 45 2
93 -100 4
-99 -67 3
19 73 1
89 -15 4
68 -88 4
-26 59 2
-14 22 2
90 -6 4
-86 -94 3
77 45 1
-59 15 2
-10 -3 3
-75 -52 3
-87 -21 3
10 60 1
-54 37 2
-77 -38 3
59 45 1
-19 61 2
-95 -66 3
35 66 1
-29 87 2
-30 53 2
-54 -2 3
69 -26 4
8 -100 4
-90 -83 3
-48 59 2
62 75 1
-6 -48 3
-61 -35 3
25 -35 4
59 -65 4
-14 -7 3
-19 -82 3
90 -36 4
-8 97 2
-32 60 2
-98 20 2
-91 44 2
93 -43 4
-93 -25 3
-100 88 2
-95 84 2
53 -32 4
-17 38 2
31 -35 4
-96 66 2
93 55 1
-77 9 2
-15 22 2
-49 -53 3
90 -49 4
6 95 1
0 87 1
-54 19 2
-56 -42 3
-28 13 2
-15 -42 3
26 82 1
-94 -42 3
-48 -57 3
64 79 1
55 -9 4
89 45 1
-10 30 2
72 -30 4
-28 95 2
1 73 1
57 60 1
80 74 1
-1 33 2
-91 -76 3
39 -37 4
-78 -16 3
100 -44 4
1 -61 4
-43 92 2
41 -64 4
5 71 1
98 13 1
-59 -10 3
-68 -82 3
59 -76 4
-62 89 2
58 -33 4
-42 -79 3
56 64 1
45 18 1
-64 -20 3
-99 18 2
-54 22 2
-76 21 2
-89 18 2
-13 67 2
-37 -4 3
14 -42 4
49 -87 4
87 96 1
55 74 1
-82 -10 3
73 98 1
-24 -88 3
-65 -38 3
51 81 1
-42 -64 3
15 47 1
98 34 1
-84 59 2
-84 57 2
-63 -32 3
52 -52 4
68 38 1
-36 91 2
91 -84 4
95 -2 4
37 -41 4
64 -52 4
-84 49 2
25 -18 4
90 -8 4
-26 -82 3
71 10 1
21 -54 4
51 63 1
81 -21 4
-50 -33 3
84 -98 4
-79 -24 3
-25 -52 3
-17 -48 3
61 -35 4
-89 -82 3
46 -28 4
-54 98 2
33 56 1
-8 -94 3
84 -84 4
29 75 1
57 -78 4
-74 -1 3
-67 52 2
-80 83 2
-91 -26 3
94 61 1
-18 21 2
-44 20 2
57 13 1
-4 -15 3
82 93 1
-90 50 2
52 100 1
31 -61 4
0 53 1
32 83 1
95 -27 4
12 -16 4
-1 -73 3
-25 46 2
100 28 1
49 -26 4
50 7 1
-17 63 2
98 98 1
23 5 1
-93 -85 3
59 63 1
-45 -8 3
83 38 1
62 -32 4
23 -52 4
75 -19 4
-22 -97 3
16 27 1
32 74 1
4 -71 4
-66 2 2
59 -36 4
-1 -17 3
93 33 1
-34 10 2
0 -43 4
100 88 1
99 16 1
82 -51 4
62 61 1
93 17 1
100 -73 4
-37 -28 3
57 15 1
75 -64 4
-56 -81 3
29 -4 4
64 -37 4
36 -75 4
26 -91 4
-87 -32 3
55 -27 4
42 63 1
61 65 1
-8 38 2
33 -21 4
26 -31 4
-90 -92 3
-85 13 2
-68 -14 3
-79 36 2
58 -60 4
-5 -75 3
-46 20 2
2 49 1
48 91 1
-90 40 2
16 -43 4
74 75 1
-76 41 2
25 17 1
51 -16 4
88 -94 4
-99 -52 3
-58 76 2
38 33 1
76 -56 4
-58 63 2
-40 79 2
-70 42 2
-20 75 2
-16 93 2
48 21 1
3 -55 4
50 -16 4
6 26 1
52 9 1
-4 80 2
-84 9 2
-69 84 2
100 -87 4
44 -70 4
-89 -38 3
1 9 1
49 -13 4
-47 -37 3
-72 92 2
-66 -76 3
62 -75 4
18 100 1
17 -9 4
-5 14 2
98 51 1
17 4 1
47 49 1
32 59 1
48 74 1
42 83 1
29 -18 4
-41 -95 3
61 -83 4
78 -39 4
-48 78 2
35 -42 4
26 69 1
-74 81 2
-98 -3 3
95 57 1
46 78 1
-44 63 2
73 -52 4
63 4 1
-78 -40 3
68 -51 4
-93 55 2
87 35 1
-81 -86 3
73 -100 4
68 -5 4
95 14 1
-87 -50 3
10 -17 4
-14 32 2
-83 -66 3
-13 -28 3
-21 51 2
43 85 1
64 -40 4
-60 -82 3
60 -49 4
59 -22 4
-52 97 2
-4 -38 3
83 78 1
-42 -80 3
-33 -59 3
90 -18 4
-89 -63 3
-16 -18 3
-31 -70 3
-44 -90 3
-24 40 2
26 -96 4
53 -59 4
88 -70 4
-99 18 2
-43 -50 3
-33 -24 3
-81 -21 3
81 52 1
68 39 1
95 -91 4
46 63 1
67 30 1
98 56 1
-36 90 2
-51 100 2
53 94 1
43 33 1
-63 -77 3
-67 22 2
72 93 1
21 -98 4
30 41 1
-21 19 2
6 -72 4
87 -49 4
25 -66 4
-71 24 2
57 11 1
-17 54 2
47 74 1
-80 14 2
62 -76 4
-63 1 2
-11 18 2
11 73 1
16 -24 4
91 -80 4
-91 -86 3
38 -33 4
3 77 1
-78 54 2
45 -23 4
-66 4 2
-15 -87 3
89 24 1
60 -41 4
30 -95 4
53 65 1
-100 -47 3
-46 35 2
-12 39 2
66 -42 4
-72 -11 3
74 -77 4
-54 86 2
-64 -50 3
98 -24 4
-65 32 2
-36 -31 3
1 88 1
-1 -39 3
-24 53 2
33 52 1
-57 56 2
73 52 1
93 38 1
68 -86 4
-56 -86 3
-1 -52 3
58 52 1
28 -25 4
-1 -55 3
-29 -50 3
12 -10 4
-84 -4 3
10 26 1
-5 -81 3
89 -6 4
90 99 1
31 -94 4
-97 61 2
-5 22 2
-28 62 2
60 97 1
-38 75 2
68 -93 4
-73 40 2
-3 33 2
83 74 1
-34 85 2
90 31 1
-32 -13 3
-64 40 2
-81 -15 3
-37 7 2
41 -75 4
84 72 1
-67 -35 3
78 -83 4
11 49 1
-69 8 2
-12 -25 3
-27 16 2
24 -94 4
-97 85 2
75 52 1
13 -36 4
52 93 1
-25 0 2
-81 7 2
-80 89 2
-6 22 2
75 -65 4
1 -79 4
-16 84 2
61 28 1
-17 -31 3
-70 47 2
-24 -94 3
50 12 1
76 -99 4
-42 -72 3
-7 64 2
36 -74 4
3 9 1
-48 50 2
71 40 1
-89 16 2
-81 -100 3
-71 -64 3
59 89 1
-87 -63 3
67 -27 4
96 16 1
-72 -66 3
-30 38 2
67 -19 4
55 24 1
-44 -68 3
82 -74 4
-59 16 2
-82 -47 3
52 -16 4
-58 -11 3
-53 -9 3
-32 -20 3
67 -31 4
10 -52 4
-16 18 2
-38 36 2
81 -72 4
-69 -24 3
-79 -79 3
-87 54 2
-6 53 2
43 -42 4
0 -52 4
-17 -20 3
51 71 1
-57 17 2
-23 56 2
-24 34 2
81 -52 4
93 25 1
92 47 1
9 33 1
95 -98 4
-40 -75 3
43 38 1
29 2 1
-61 66 2
73 -10 4
56 31 1
-32 12 2
63 70 1
-46 67 2
45 -74 4
4 64 1
-16 27 2
-73 -54 3
10 -21 4
-72 -54 3
4 -2 4
98 10 1
-79 -52 3
-53 -20 3
14 40 1
24 -47 4
-9 24 2
-73 95 2
87 -60 4
8 -48 4
42 -43 4
-97 -100 3
-28 30 2
4 -78 4
-1 38 2
44 -70 4
-32 86 2
-77 45 2
43 -79 4
79 65 1
-71 -57 3
-81 48 2
-30 0 2
38 -28 4
-21 62 2
-64 75 2
-68 -34 3
-42 -41 3
91 -10 4
96 76 1
-60 -71 3
41 7 1
91 0 1
76 84 1
-38 100 2
-82 23 2
49 21 1
-62 91 2
-50 37 2
55 -8 4
28 -75 4
18 -28 4
75 98 1
57 33 1
-18 89 2
-87 -23 3
-9 20 2
-86 -87 3
21 -61 4
28 42 1
36 61 1
79 -94 4
-5 -7 3
-64 56 2
78 -61 4
89 -44 4
-78 13 2
-77 -3 3
-73 35 2
49 41 1
42 -98 4
-50 92 2
82 -73 4
67 -78 4
95 -37 4
-47 30 2
13 -33 4
31 -4 4
-85 -18 3
-1 -74 3
24 -32 4
5 39 1
55 -24 4
5 -99 4
9 14 1
-47 5 2
-36 -31 3
-15 -4 3
46 -58 4
78 43 1
-6 -64 3
-47 90 2
-76 58 2
94 89 1
-63 -45 3
-80 54 2
-24 15 2
74 -9 4
51 51 1
-79 62 2
99 53 1
-83 100 2
47 -49 4
97 44 1
-96 -82 3
-29 -28 3
13 90 1
-26 -10 3
9 50 1
60 -50 4
99 -91 4
95 -55 4
78 19 1
47 -63 4
-19 30 2
-62 55 2
51 -13 4
47 93 1
-40 -45 3
-74 4 2
43 -60 4
-47 -12 3
-71 17 2
18 -42 4
-62 46 2
54 -83 4
37 -8 4
87 -84 4
13 81 1
-90 -56 3
-18 87 2
-33 -18 3
-40 8 2
-7 44 2
-42 -60 3
-25 40 2
5 69 1
-57 -68 3
-92 100 2
-9 -57 3
53 -20 4
-56 -9 3
-37 9 2
64 -95 4
20 39 1
45 36 1
-25 -12 3
-50 37 2
-56 -43 3
98 -53 4
-46 -57 3
86 -98 4
-60 -24 3
36 -21 4
-31 57 2
-13 -91 3
61 49 1
-65 65 2
78 41 1
-60 70 2
-15 61 2
8 63 1
67 -5 4
-65 -15 3
-15 65 2
-65 -10 3
-44 -10 3
-90 -27 3
-84 94 2
42 -68 4
53 -84 4
-70 21 2
-20 92 2
-87 18 2
74 3 1
-61 48 2
23 -97 4
78 20 1
68 -78 4
-39 28 2
-17 -46 3
-23 11 2
46 51 1
-53 -90 3
-12 -91 3
40 -51 4
-30 -9 3
91 82 1
-5 -50 3
18 -40 4
-81 86 2
-7 -98 3
1 53 1
30 40 1
-76 48 2
52 -70 4
47 78 1
67 20 1
-39 -84 3
11 56 1
65 88 1
49 59 1
7 43 1
33 -12 4
19 -88 4
79 -32 4
-41 72 2
-98 -21 3
-94 41 2
-33 29 2
93 -3 4
19 -14 4
13 89 1
-4 -3 3
5 62 1
-42 -51 3
15 59 1
-61 -67 3
5 -36 4
30 24 1
67 14 1
-72 -48 3
58 16 1
-49 -29 3
9 89 1
-8 81 2
18 -46 4
-59 22 2
78 32 1
92 -52 4
12 -66 4
-89 -100 3
-27 -72 3
5 -20 4
-27 67 2
-35 -74 3
77 27 1
-78 31 2
-85 88 2
47 85 1
31 -28 4
32 12 1
-42 69 2
-92 -31 3
77 67 1
9 43 1
56 75 1
33 -14 4
55 -59 4
-46 96 2
3 84 1
46 -64 4
-22 -28 3
-57 -42 3
-50 -97 3
9 -48 4
-4 -13 3
42 81 1
64 -5 4
16 -47 4
-64 31 2
64 43 1
18 80 1
-8 -99 3
28 80 1
-70 42 2
41 82 1
33 -10 4
6 74 1
79 13 1
-72 40 2
94 -58 4
-66 -11 3
-28 -15 3
4 -59 4
-13 -46 3
9 81 1
-56 -40 3
80 -91 4
28 -98 4
8 22 1
5 48 1
-75 81 2
31 -66 4
73 18 1
-82 99 2
-85 21 2
61 49 1
-17 85 2
41 87 1
59 -4 4
-23 -19 3
69 58 1
54 45 1
-85 72 2
-26 -92 3
-22 -63 3
-63 3 2
-96 25 2
33 -22 4
-82 84 2
67 -43 4
-66 -79 3
-33 -97 3
-5 58 2
-36 -36 3
-44 -23 3
-89 29 2
72 95 1
91 -67 4
10 -75 4
37 -86 4
-5 -23 3
-21 -68 3
-42 100 2
93 -19 4
-19 34 2
51 -82 4
-91 -31 3
55 14 1
-95 -52 3
-75 79 2
-4 79 2
46 -73 4
99 -19 4
27 -39 4
86 1 1
37 31 1
-63 58 2
-72 -3 3
32 -12 4
-41 34 2
85 86 1
22 -66 4
-61 -12 3
81 -27 4
-96 93 2
-19 79 2
77 -85 4
-87 98 2
-2 6 2
96 69 1
-31 -8 3
78 36 1
33 7 1
41 -50 4
58 -71 4
-5 39 2
-61 -18 3
34 -83 4
-31 43 2
50 47 1
14 20 1
36 -17 4
85 -31 4
-81 45 2
2 17 1
29 30 1
-35 99 2
82 25 1
-89 -100 3
-58 -71 3
-31 -18 3
-17 33 2
19 -91 4
-46 46 2
39 -86 4
-1 11 2
82 -65 4
10 -3 4
52 -1 4
55 72 1
-88 89 2
-90 -76 3
58 -22 4
-95 59 2
-54 67 2
-53 -79 3
56 -51 4
58 71 1
14 -71 4
90 -2 4
84 -26 4
64 12 1
33 -45 4
-86 -46 3
-88 59 2
-96 93 2
-69 -87 3
49 -62 4
-57 -20 3
-85 32 2
-46 90 2
-92 1 2
-19 -18 3
-73 91 2
46 -74 4
50 -45 4
-28 63 2
10 19 1
-30 92 2
-2 49 2
-86 54 2
82 38 1
85 8 1
74 -57 4
52 -44 4
-62 64 2
87 -30 4
6 66 1
38 90 1
14 -79 4
-88 64 2
61 39 1
64 67 1
-88 34 2
-89 15 2
19 44 1
56 -46 4
15 -31 4
-40 -93 3
49 73 1
-36 -67 3
-24 64 2
-54 -54 3
-16 85 2
-78 -60 3
-71 -93 3
-88 19 2
25 89 1
28 29 1
-70 -91 3
-16 -10 3
-27 -89 3
-93 26 2
23 -55 4
-17 -90 3
57 -47 4
-20 -59 3
98 14 1
3 -57 4
-90 84 2
16 14 1
12 14 1
-11 62 2
95 82 1
51 4 1
0 50 1
-83 35 2
-35 -5 3
26 -78 4
-52 -98 3
56 5 1
24 38 1
65 55 1
47 85 1
12 49 1
-99 -36 3
27 26 1
-27 -31 3
-24 28 2
-98 -79 3
-33 -19 3
87 57 1
-2 -27 3
-79 -22 3
-56 -93 3
99 34 1
59 23 1
34 -45 4
-19 13 2
61 16 1
44 94 1
-43 -31 3
-19 68 2
51 40 1
49 53 1
50 -21 4
-11 -52 3
-13 -26 3
69 41 1
-32 -75 3
41 -79 4
-29 -31 3
-19 17 2
81 15 1
75 89 1
94 -83 4
55 -78 4
-76 -77 3
86 85 1
49 -6 4
-9 -20 3
5 20 1
-72 -77 3
-92 65 2
7 -11 4
-20 -80 3
-20 2 2
55 41 1
26 17 1
-94 -11 3
-46 -97 3
-63 -22 3
-93 98 2
37 26 1
4 44 1
-8 -78 3
-49 -7 3
62 -75 4
21 -71 4
92 -92 4
10 -88 4
-83 31 2
-2 48 2
-6 60 2
59 26 1
99 -76 4
3 13 1
100 95 1
-24 31 2
100 78 1
89 -92 4
50 48 1
-63 97 2
-63 -59 3
-43 -6 3
-48 55 2
89 -23 4
60 17 1
-18 30 2
96 23 1
62 48 1
52 -2 4
78 -67 4
-94 79 2
4 -100 4
-57 -72 3
-89 11 2
98 44 1
-30 87 2
22 -28 4
90 -94 4
71 -58 4
-93 92 2
-85 -92 3
66 -34 4
-48 -30 3
-69 -26 3
9 100 1
-96 18 2
54 -27 4
-93 10 2
-62 80 2
-89 99 2
17 96 1
7 -77 4
61 -47 4
-57 81 2
7 50 1
52 58 1
98 -81 4
-15 78 2
98 -83 4
-7 -76 3
-73 45 2
-46 -23 3
7 46 1
-89 -80 3
-98 -53 3
-22 -36 3
-44 -67 3
-9 77 2
-3 -72 3
-75 32 2
32 73 1
-85 98 2
2 40 1
-6 37 2
-63 -69 3
-69 51 2
8 20 1
-46 87 2
-86 -23 3
-9 -36 3
5 -25 4
64 -51 4
18 -19 4
49 81 1
-51 75 2
-46 42 2
-26 15 2
-88 56 2
-31 90 2
54 -13 4
-30 100 2
17 -55 4
39 -32 4
76 -74 4
-62 -45 3
39 -76 4
57 -24 4
-55 -57 3
-43 -10 3
-7 10 2
-24 4 2
55 64 1
18 1 1
65 -5 4
19 -82 4
50 -100 4
-22 -95 3
49 51 1
89 100 1
51 -71 4
-17 -27 3
-50 55 2
18 72 1
-99 -53 3
-58 -87 3
32 -78 4
-49 -64 3
-31 90 2
-3 80 2
86 16 1
-28 46 2
-71 -51 3
38 -69 4
62 -81 4
-72 84 2
49 79 1
-50 20 2
64 40 1
-77 32 2
27 9 1
-98 -71 3
-27 57 2
-98 90 2
43 -49 4
44 -51 4
35 -12 4
-68 75 2
-44 -83 3
-85 -65 3
15 -54 4
72 -20 4
69 43 1
67 -26 4
9 36 1
57 -2 4
39 -100 4
-77 -23 3
46 -21 4
42 15 1
-81 4 2
-12 -85 3
60 -12 4
17 -64 4
59 1 1
10 -74 4
59 -69 4
56 52 1
-58 -90 3
56 22 1
81 -82 4
95 18 1
90 -27 4
22 -65 4
94 -6 4
-95 -87 3
-90 3 2
19 -94 4
-40 40 2
-3 -76 3
-30 -10 3
41 4 1
55 87 1
-42 -37 3
63 88 1
74 97 1
5 71 1
-77 -91 3
27 -97 4
-10 35 2
-57 46 2
-50 67 2
-76 -32 3
63 46 1
-37 16 2
-85 46 2
-56 -43 3
-17 -98 3
43 -90 4
49 -5 4
-68 49 2
2 -82 4
-8 -45 3
46 69 1
21 -46 4
-45 54 2
94 -58 4
68 48 1
1000
-2 -23
-62 -81
25 -45
65 34
-37 25
87 -44
79 -13
-67 -8
53 -35
57 8
-52 2
10 -27
-21 81
67 -63
48 66
25 -24
25 -71
-59 -34
55 85
10 63
3 -92
94 65
-57 -40
-3 19
-16 -74
100 -53
-75 -69
82 -44
37 -47
19 86
26 30
-37 -54
-9 -6
-30 -41
-84 -37
-27 43
-93 -2
-20 -88
74 -53
-40 -83
-30 89
-50 50
6 -13
7 -42
-21 -38
-61 57
36 21
22 10
55 -68
100 49
-88 73
4 23
-6 41
90 83
-79 4
0 -77
97 45
-64 33
81 94
5 19
-26 57
-92 53
13 20
-71 -80
51 -97
-81 -100
-100 77
-65 96
-28 -63
-14 63
60 2
-25 83
28 86
68 -97
24 95
-18 -87
51 -10
17 18
51 -9
94 47
-84 -65
93 1
60 48
-27 -69
77 -94
69 0
-22 98
-32 1
-41 68
16 14
-20 -39
71 54
-91 -84
10 43
-98 49
-98 29
-58 18
-13 -23
9 93
-5 25
57 -58
97 94
48 56
-43 35
-85 94
-48 19
97 -77
-33 73
35 -31
21 -48
77 -58
47 -40
-20 -14
-100 4
11 -29
12 55
-37 82
4 15
68 9
-36 -6
2 74
-70 8
49 44
22 68
61 78
-76 -52
69 -47
11 -78
-98 31
73 96
-21 71
63 72
-77 -51
-36 16
-83 -89
-11 5
67 8
37 -4
21 -66
39 49
2 36
34 -85
-14 -64
89 -21
83 100
-28 -19
41 -52
-23 -19
14 -75
67 -77
95 -8
-98 96
8 55
59 -32
30 67
77 -12
22 43
41 -39
-72 -9
74 28
55 60
14 -95
-38 60
-29 17
-44 -22
34 37
78 58
-80 95
-23 25
-39 87
-1 52
22 33
-73 -67
-63 77
-33 38
44 91
-62 -80
68 48
-15 -11
67 15
90 -31
-23 -14
68 18
91 84
-83 -100
97 -100
67 0
-67 54
-69 -1
56 72
49 -70
77 -3
38 23
31 86
-50 -80
-28 -23
-67 41
-40 -37
26 13
30 -59
-97 25
-73 -8
77 -79
-11 -17
5 97
91 2
67 -32
-84 -72
87 -75
-19 -54
-54 27
-21 -72
76 -63
-39 -85
97 14
-72 16
64 79
-29 27
-25 -72
71 31
95 -24
-6 -35
-92 -26
93 54
18 56
70 -39
-64 54
-58 -89
-52 -70
67 60
100 36
-61 -40
26 -17
37 -51
-48 61
-74 -10
-28 49
57 -97
-76 -22
-89 -90
11 -75
4 9
-83 76
54 56
5 4
16 1
-66 -2
41 75
-72 25
5 -40
-94 20
92 60
-76 -69
21 -99
35 62
-61 -20
69 -49
98 -62
-45 -51
-90 63
39 -83
-98 8
65 -82
-16 -6
4 62
-72 41
-86 -40
63 46
32 37
24 -74
-42 -28
73 13
3 -85
-87 32
82 17
29 -60
50 68
-1 28
24 22
42 4
-70 15
-41 -67
-79 -59
-38 48
-34 -84
9 62
-51 -97
-98 84
-19 37
20 -68
31 -2
87 -3
-48 -62
93 2
-43 -98
78 -77
-83 -60
71 47
29 29
44 75
-65 -56
-8 -86
19 24
-17 -75
25 -80
-50 -98
-2 -70
77 16
93 -68
86 -78
-82 86
79 88
44 -25
67 -62
-66 -62
38 96
-53 -100
-57 -39
-10 -46
-47 -40
64 -59
-71 -24
-11 -48
28 -40
-55 -51
-1 -27
77 -99
59 -25
-28 44
61 95
1 -68
-19 43
86 85
-40 -16
-84 61
82 -23
-1 3
0 -4
-58 10
-56 -31
-88 -40
-51 29
-30 -59
-35 77
-33 18
-91 18
30 36
93 -70
73 -36
65 -54
12 17
77 -26
57 92
-100 -61
-73 80
-96 -32
33 -29
61 81
42 73
-12 -9
87 -7
-28 92
27 -44
84 40
-96 -64
-58 -87
-37 -27
61 37
-15 95
-35 25
27 -32
81 -11
95 70
91 49
33 68
-56 76
81 92
73 -17
91 54
37 -30
18 -22
26 -90
76 10
82 -32
-85 -75
-66 -56
-81 31
-56 22
-91 -88
7 7
23 32
47 85
51 -83
-72 81
88 39
31 -35
-38 -55
-28 -18
1 13
77 -74
-60 -28
-85 -61
-61 -32
64 76
-58 30
-14 16
67 3
54 99
71 -51
-70 19
-22 -4
-14 15
1 -13
-72 -81
56 16
-47 -61
-93 -83
70 7
-46 93
57 -68
18 62
57 45
73 -60
52 90
48 71
48 -88
14 -90
-97 47
-85 85
30 17
83 51
-28 -45
47 30
-83 -23
-15 45
-35 46
-40 96
68 -33
27 77
-85 74
-75 50
-7 61
2 64
57 -91
10 11
34 -35
-34 -23
98 -64
3 -47
-38 98
47 50
11 35
31 -25
-3 -66
-54 -47
84 -73
70 -40
-28 -71
-40 -68
75 -80
-7 71
-61 -74
-4 42
88 -93
96 -20
25 53
-55 28
-74 -44
-76 2
58 -98
51 -26
74 -48
-49 -46
85 -17
53 -93
-40 -32
-92 -19
-1 48
38 -25
-41 -95
-23 89
-70 -85
59 44
16 22
60 44
75 -95
22 -7
-36 14
52 -33
70 -48
-66 -4
38 27
40 73
83 19
65 -100
54 71
-97 65
75 92
29 -41
-92 -80
-48 -77
24 68
93 -25
51 -18
-85 76
97 38
92 -17
12 -98
21 -81
-20 25
7 7
-40 -82
40 14
5 -2
-54 45
-89 -46
-78 93
44 37
64 -52
-46 85
-61 100
-93 -19
81 -25
-85 60
-15 -48
21 9
38 84
-68 -1
46 35
-11 -78
-61 82
-49 -50
-4 32
43 26
75 -78
-43 -69
-7 -75
-81 -73
-83 -3
44 -97
-73 26
-24 85
56 61
-46 -59
-63 -85
-29 -59
47 -76
-84 -71
34 -44
-77 11
4 -8
48 9
-79 -72
92 37
-44 -4
65 6
-67 30
46 86
-38 -11
-87 53
82 94
87 46
-7 -31
85 71
-58 -88
53 -47
69 54
-49 -36
38 -53
-69 29
31 25
-54 38
-72 96
99 -80
-87 82
22 11
87 19
75 -25
91 18
-9 55
-69 -56
2 91
5 91
14 77
58 -33
-97 -63
-75 18
95 91
-76 -15
-43 84
72 68
-16 55
18 -10
100 0
-14 83
-96 -35
95 -19
-1 55
-93 -37
-30 5
-1 -52
-8 22
19 -88
-82 99
52 -87
-84 96
-11 -63
-95 69
22 -13
-3 -81
-44 47
-4 72
24 -13
-60 15
84 -40
99 14
-33 75
-45 77
-41 -90
91 33
29 -19
-16 -51
-95 81
-92 44
17 45
10 36
88 10
-92 -29
-26 -66
42 -75
27 3
92 -4
45 -91
75 43
89 90
-23 26
-11 -34
38 51
-73 44
12 66
-84 92
-61 -42
-57 18
71 -81
54 98
-37 13
67 -16
-73 -93
66 -61
20 -93
-68 32
-3 7
-16 -3
43 32
78 -8
19 73
73 -4
-100 -12
66 78
61 -96
70 -8
35 93
-56 -62
-100 60
14 -51
62 68
72 -56
51 38
-94 9
-90 -83
94 61
60 -26
37 16
10 27
-77 91
85 32
69 12
98 -32
49 52
-51 55
-80 -62
-57 -70
48 34
-18 -93
-91 22
-92 14
-27 -52
81 -53
13 -36
-10 67
-91 85
13 33
-30 -9
-91 -23
-31 17
8 4
-60 -60
-29 -23
53 -38
-38 59
-39 31
-56 -41
78 76
-34 10
70 -63
73 42
-45 92
73 -70
-58 -90
61 -67
-23 68
33 25
79 4
-53 97
-63 -8
87 48
-78 -29
20 79
25 31
42 93
39 -78
-75 -56
77 -85
-63 -27
74 -13
89 54
-52 74
-2 -70
10 38
78 76
52 -56
87 51
-51 21
-40 -25
48 49
13 -4
-8 -84
64 5
-66 -31
84 -41
86 -30
-11 -90
66 -50
82 -60
-68 -9
90 19
6 3
43 91
1 14
55 -18
-4 -40
-97 84
52 23
82 0
-4 89
-61 32
-4 -94
-58 -22
38 -36
85 82
94 42
-79 -4
-67 57
-22 -88
-44 -2
1 -69
-57 42
-66 35
-45 -57
-37 -39
-33 56
0 -46
7 97
0 -1
81 30
-14 43
60 -16
23 2
41 -35
-57 -31
-10 -2
-23 0
26 72
43 -30
16 -93
91 70
-22 -67
-58 -30
-85 -68
30 41
92 93
50 -33
-57 -37
100 89
-66 32
34 43
-91 -56
95 49
-56 43
-14 -45
38 90
93 -87
-25 -57
-53 28
-4 94
-86 -45
-6 -24
-47 74
64 -26
29 80
-12 -39
-50 60
36 85
-62 81
-18 -83
-48 4
58 92
15 87
78 11
-91 38
-91 11
28 -64
-51 12
-99 -9
86 87
59 34
-46 1
-96 -77
1 -81
77 18
76 20
-3 -32
57 59
22 44
-86 32
11 44
14 -98
-78 85
-13 25
78 55
40 -31
-53 -78
85 51
75 32
-50 39
20 -58
-57 16
-2 81
93 -55
89 53
8 -8
-63 92
-77 3
-60 -93
49 -71
-5 74
-69 69
-57 11
-95 61
-8 -58
15 -85
-51 -2
-34 -92
46 33
-4 50
32 -73
-76 2
12 -94
-97 -51
59 22
81 16
32 -93
-23 -8
-53 53
-87 -17
40 -55
-79 90
16 -15
84 43
48 51
-78 -69
99 -41
66 -41
15 -80
39 -23
30 -91
61 41
-59 -100
-93 -45
-28 6
-57 -16
-24 36
68 -77
30 -84
-80 -12
77 7
-18 74
-25 -49
-88 -84
99 -15
-3 44
82 78
-30 61
5 93
-76 51
53 -61
-83 59
-58 38
80 38
55 49
44 -92
-37 10
28 -90
98 46
-37 -56
23 -45
47 -17
26 46
-55 42
47 9
-82 -15
56 21
-88 -33
9 -35
-100 94
40 -72
25 -41
-50 29
64 -69
10 84
31 52
100 -68
-83 6
-9 -44
-90 11
43 61
-13 2
-23 59
53 4
-41 94
39 29
-13 -35
-31 62
63 92
90 31
6 47
-62 88
-62 -44
5 58
-12 -79
-45 69
-26 87
45 -75
94 96
-95 -94
-70 -30
100 -78
-7 95
-98 -5
-63 40
-97 -59
94 -77
95 -67
-41 -77
28 -25
89 -36
40 -45
-91 99
-46 0
-79 44
-20 -58
32 48
48 70
-32 37
-15 -64
-2 -65
76 46
97 73
1 98
11 66
86 87
-75 -68
-38 17
69 94
-88 5
20 90
-52 -14
-30 69
-48 70
75 -39
-31 1
-67 2
31 -85
72 -70
89 94
84 40
55 -71
-6 61
-87 47
-26 -53
